Time,Sample #,Type
0.584,146,(
0.608,152,p
0.632,158,)
0.684,171,(
0.776,194,N
0.804,201,N
0.840,210,)
0.924,231,(
1.004,251,t
1.020,255,t
1.120,280,)
1.404,351,(
1.492,373,N
1.516,379,N
1.552,388,)
1.632,408,(
1.724,431,t
1.728,432,t
1.848,462,)
1.996,499,(
2.024,506,p
2.056,514,)
2.136,534,(
2.224,556,N
2.252,563,N
2.288,572,)
2.372,593,(
2.452,613,t
2.468,617,t
2.564,641,)
2.708,677,(
2.736,684,p
2.772,693,)
2.864,716,(
2.952,738,N
2.976,744,N
3.012,753,)
3.096,774,(
3.164,791,t
3.188,797,t
3.296,824,)
3.580,895,(
3.668,917,N
3.692,923,N
3.732,933,)
3.808,952,(
3.876,969,t
3.900,975,t
4.004,1001,)
4.268,1067,(
4.356,1089,N
4.384,1096,N
4.420,1105,)
4.500,1125,(
4.564,1141,t
4.588,1147,t
4.692,1173,)
4.936,1234,(
5.056,1264,N
5.084,1271,N
5.120,1280,)
5.200,1300,(
5.272,1318,t
5.288,1322,t
5.396,1349,)
5.524,1381,(
5.556,1389,p
5.576,1394,)
5.680,1420,(
5.772,1443,N
5.796,1449,N
5.832,1458,)
5.916,1479,(
6.008,1502,t
6.012,1503,t
6.124,1531,)
6.476,1619,(
6.488,1622,N
6.516,1629,N
6.556,1639,)
6.644,1661,(
6.728,1682,t
6.736,1684,t
6.844,1711,)
7.016,1754,(
7.032,1758,p
7.068,1767,)
7.228,1807,(
7.244,1811,N
7.272,1818,N
7.308,1827,)
7.388,1847,(
7.484,1871,t
7.496,1874,t
7.612,1903,)
7.976,1994,(
8.000,2000,N
8.024,2006,N
8.060,2015,)
8.148,2037,(
8.244,2061,t
8.244,2061,t
8.332,2083,)
8.528,2132,(
8.552,2138,p
8.568,2142,p
8.584,2146,)
8.676,2169,(
8.764,2191,N
8.792,2198,N
8.828,2207,)
8.908,2227,(
9.008,2252,t
9.016,2254,t
9.108,2277,)
9.304,2326,(
9.328,2332,p
9.332,2333,)
9.436,2359,(
9.528,2382,N
9.556,2389,N
9.592,2398,)
9.672,2418,(
9.772,2443,t
9.776,2444,t
9.876,2469,)
10.080,2520,(
10.100,2525,p
10.128,2532,)
10.184,2546,(
10.276,2569,N
10.300,2575,N
10.336,2584,)
10.420,2605,(
10.508,2627,t
10.516,2629,t
10.624,2656,)
10.828,2707,(
10.852,2713,p
10.876,2719,)
10.928,2732,(
11.016,2754,N
11.044,2761,N
11.080,2770,)
11.160,2790,(
11.252,2813,t
11.256,2814,t
11.352,2838,)
11.572,2893,(
11.584,2896,p
11.612,2903,)
11.736,2934,(
11.756,2939,N
11.780,2945,N
11.816,2954,)
11.900,2975,(
11.984,2996,t
11.992,2998,t
12.088,3022,)
12.268,3067,(
12.292,3073,p
12.316,3079,)
12.368,3092,(
12.468,3117,N
12.488,3122,N
12.528,3132,)
12.612,3153,(
12.692,3173,t
12.712,3178,t
12.808,3202,)
12.992,3248,(
13.016,3254,p
13.040,3260,)
13.096,3274,(
13.184,3296,N
13.212,3303,N
13.248,3312,)
13.332,3333,(
13.424,3356,t
13.424,3356,t
13.536,3384,)
13.704,3426,(
13.728,3432,p
13.756,3439,)
13.892,3473,(
13.908,3477,N
13.932,3483,N
13.968,3492,)
14.056,3514,(
14.148,3537,t
14.156,3539,t
14.276,3569,)
14.644,3661,(
14.664,3666,N
14.688,3672,N
14.720,3680,)
14.808,3702,(
14.904,3726,t
14.908,3727,t
14.992,3748,)
15.180,3795,(
15.204,3801,p
15.208,3802,)
15.324,3831,(
15.416,3854,N
15.444,3861,N
15.476,3869,)
15.564,3891,(
15.664,3916,t
15.672,3918,t
15.736,3934,)
16.184,4046,(
16.200,4050,N
16.228,4057,N
16.260,4065,)
16.352,4088,(
16.448,4112,t
16.456,4114,t
16.520,4130,)
16.824,4206,(
16.872,4218,p
16.912,4228,)
17.000,4250,(
17.020,4255,N
17.044,4261,N
17.080,4270,)
17.168,4292,(
17.264,4316,t
17.272,4318,t
17.332,4333,)
17.688,4422,(
17.704,4426,p
17.724,4431,p
17.736,4434,)
17.824,4456,(
17.848,4462,N
17.872,4468,N
17.908,4477,)
17.996,4499,(
18.092,4523,t
18.100,4525,t
18.164,4541,)
18.488,4622,(
18.512,4628,p
18.540,4635,)
18.564,4641,(
18.656,4664,N
18.680,4670,N
18.716,4679,)
18.808,4702,(
18.904,4726,t
18.908,4727,t
18.976,4744,)
19.272,4818,(
19.296,4824,p
19.328,4832,)
19.348,4837,(
19.436,4859,N
19.464,4866,N
19.500,4875,)
19.584,4896,(
19.680,4920,t
19.684,4921,t
19.756,4939,)
20.032,5008,(
20.052,5013,p
20.076,5019,)
20.132,5033,(
20.220,5055,N
20.248,5062,N
20.284,5071,)
20.368,5092,(
20.464,5116,t
20.472,5118,t
20.544,5136,)
20.848,5212,(
20.872,5218,p
20.900,5225,)
21.000,5250,(
21.012,5253,N
21.036,5259,N
21.072,5268,)
21.160,5290,(
21.260,5315,t
21.268,5317,t
21.340,5335,)
21.592,5398,(
21.616,5404,p
21.640,5410,)
21.692,5423,(
21.784,5446,N
21.812,5453,N
21.844,5461,)
21.932,5483,(
22.028,5507,t
22.028,5507,t
22.108,5527,)
22.368,5592,(
22.384,5596,p
22.416,5604,)
22.468,5617,(
22.556,5639,N
22.584,5646,N
22.616,5654,)
22.704,5676,(
22.804,5701,t
22.804,5701,t
22.884,5721,)
23.232,5808,(
23.324,5831,N
23.352,5838,N
23.388,5847,)
23.480,5870,(
23.568,5892,t
23.576,5894,t
23.664,5916,)
23.888,5972,(
23.916,5979,p
23.936,5984,)
23.988,5997,(
24.092,6023,N
24.108,6027,N
24.148,6037,)
24.236,6059,(
24.324,6081,t
24.332,6083,t
24.408,6102,)
24.652,6163,(
24.664,6166,p
24.672,6168,p
24.684,6171,)
24.832,6208,(
24.832,6208,N
24.856,6214,N
24.884,6221,)
24.972,6243,(
25.064,6266,t
25.072,6268,t
25.168,6292,)
25.388,6347,(
25.408,6352,p
25.436,6359,)
25.464,6366,(
25.584,6396,N
25.608,6402,N
25.640,6410,)
25.720,6430,(
25.804,6451,t
25.824,6456,t
25.904,6476,t
25.944,6486,t
26.056,6514,)
26.332,6583,(
26.340,6585,N
26.384,6596,)
26.432,6608,(
26.472,6618,p
26.484,6621,)
26.552,6638,(
26.624,6656,N
26.668,6667,t
26.748,6687,)
27.020,6755,(
27.040,6760,N
27.076,6769,)
27.168,6792,(
27.232,6808,t
27.252,6813,t
27.332,6833,)
27.436,6859,(
27.472,6868,p
27.496,6874,)
27.660,6915,(
27.692,6923,N
27.700,6925,N
27.744,6936,)
27.840,6960,(
27.920,6980,t
27.924,6981,t
28.008,7002,)
28.152,7038,(
28.224,7056,p
28.300,7075,)
28.360,7090,(
28.376,7094,N
28.416,7104,)
28.464,7116,(
28.512,7128,t
28.596,7149,t
28.676,7169,)
28.900,7225,(
28.992,7248,N
29.012,7253,N
29.048,7262,)
29.144,7286,(
29.228,7307,t
29.232,7308,t
29.320,7330,)
29.520,7380,(
29.612,7403,N
29.632,7408,N
29.668,7417,)
29.756,7439,(
29.848,7462,t
29.848,7462,t
29.920,7480,)
30.096,7524,(
30.116,7529,p
30.160,7540,)
30.168,7542,(
30.224,7556,N
30.236,7559,N
30.280,7570,)
30.404,7601,(
30.456,7614,t
30.468,7617,t
30.552,7638,)
30.704,7676,(
30.724,7681,p
30.764,7691,)
30.776,7694,(
30.824,7706,N
30.844,7711,N
30.884,7721,)
30.964,7741,(
31.048,7762,t
31.068,7767,t
31.156,7789,)
31.336,7834,(
31.428,7857,N
31.448,7862,N
31.484,7871,)
31.588,7897,(
31.644,7911,t
31.668,7917,t
31.756,7939,)
31.784,7946,(
31.816,7954,p
31.848,7962,)
31.928,7982,(
32.024,8006,N
32.040,8010,N
32.080,8020,)
32.144,8036,(
32.252,8063,t
32.256,8064,t
32.356,8089,)
32.516,8129,(
32.588,8147,N
32.604,8151,N
32.668,8167,)
32.740,8185,(
32.836,8209,t
32.836,8209,t
32.920,8230,)
33.004,8251,(
33.032,8258,p
33.052,8263,p
33.128,8282,)
33.200,8300,(
33.212,8303,N
33.248,8312,)
33.324,8331,(
33.416,8354,t
33.424,8356,t
33.512,8378,t
33.556,8389,)
33.580,8395,(
33.620,8405,p
33.624,8406,p
33.648,8412,)
33.772,8443,(
33.784,8446,N
33.820,8455,)
33.892,8473,(
33.984,8496,t
33.984,8496,t
34.088,8522,t
34.112,8528,)
34.140,8535,(
34.184,8546,p
34.192,8548,p
34.208,8552,)
34.316,8579,(
34.328,8582,N
34.348,8587,N
34.384,8596,)
34.464,8616,(
34.544,8636,t
34.552,8638,t
34.648,8662,)
34.800,8700,(
34.888,8722,N
34.916,8729,N
34.952,8738,)
35.012,8753,(
35.108,8777,t
35.112,8778,t
35.192,8798,)
35.212,8803,(
35.240,8810,p
35.244,8811,)
35.352,8838,(
35.440,8860,N
35.468,8867,N
35.508,8877,)
35.568,8892,(
35.644,8911,t
35.652,8913,t
35.748,8937,)
35.768,8942,(
35.784,8946,p
35.796,8949,)
36.000,9000,(
36.012,9003,N
36.056,9014,)
36.112,9028,(
36.204,9051,t
36.204,9051,t
36.296,9074,)
36.312,9078,(
36.332,9083,p
36.344,9086,)
36.540,9135,(
36.560,9140,N
36.596,9149,)
36.652,9163,(
36.752,9188,t
36.756,9189,t
36.840,9210,)
36.856,9214,(
36.872,9218,p
36.884,9221,)
36.992,9248,(
37.080,9270,N
37.108,9277,N
37.140,9285,)
37.224,9306,(
37.308,9327,t
37.320,9330,t
37.396,9349,)
37.552,9388,(
37.640,9410,N
37.664,9416,N
37.704,9426,)
37.776,9444,(
37.840,9460,t
37.864,9466,t
37.956,9489,)
37.972,9493,(
37.992,9498,p
38.028,9507,)
38.176,9544,(
38.192,9548,N
38.216,9554,N
38.260,9565,)
38.324,9581,(
38.392,9598,t
38.420,9605,t
38.500,9625,)
38.616,9654,(
38.624,9656,p
38.632,9658,)
38.736,9684,(
38.744,9686,N
38.764,9691,N
38.804,9701,)
38.864,9716,(
38.956,9739,t
38.964,9741,t
39.060,9765,t
39.092,9773,)
39.108,9777,(
39.144,9786,p
39.152,9788,p
39.188,9797,)
39.304,9826,(
39.316,9829,N
39.356,9839,)
39.424,9856,(
39.516,9879,t
39.520,9880,t
39.612,9903,)
39.676,9919,(
39.712,9928,p
39.736,9934,p
39.800,9950,)
39.872,9968,(
39.884,9971,N
39.924,9981,)
40.000,10000,(
40.076,10019,t
40.088,10022,t
40.184,10046,)
40.208,10052,(
40.232,10058,p
40.244,10061,)
40.444,10111,(
40.464,10116,N
40.500,10125,)
40.576,10144,(
40.656,10164,t
40.668,10167,t
40.772,10193,)
41.028,10257,(
41.032,10258,N
41.052,10263,N
41.092,10273,)
41.172,10293,(
41.260,10315,t
41.260,10315,t
41.344,10336,)
41.416,10354,(
41.436,10359,p
41.440,10360,p
41.464,10366,)
41.516,10379,(
41.640,10410,N
41.660,10415,N
41.704,10426,)
41.792,10448,(
41.840,10460,t
41.868,10467,t
41.948,10487,)
41.972,10493,(
41.996,10499,p
42.024,10506,)
42.124,10531,(
42.264,10566,N
42.288,10572,N
42.328,10582,)
42.396,10599,(
42.448,10612,t
42.492,10623,t
42.608,10652,t
42.608,10652,)
42.800,10700,(
42.908,10727,N
42.928,10732,N
42.968,10742,)
43.044,10761,(
43.124,10781,t
43.136,10784,t
43.220,10805,)
43.368,10842,(
43.372,10843,p
43.384,10846,p
43.396,10849,)
43.452,10863,(
43.576,10894,N
43.592,10898,N
43.628,10907,)
43.712,10928,(
43.776,10944,t
43.812,10953,t
43.900,10975,)
44.020,11005,(
44.032,11008,p
44.056,11014,p
44.084,11021,)
44.168,11042,(
44.256,11064,N
44.284,11071,N
44.316,11079,)
44.388,11097,(
44.460,11115,t
44.484,11121,t
44.584,11146,)
44.708,11177,(
44.712,11178,p
44.744,11186,p
44.772,11193,)
44.824,11206,(
44.940,11235,N
44.964,11241,N
45.004,11251,)
45.060,11265,(
45.148,11287,t
45.160,11290,t
45.264,11316,)
45.552,11388,(
45.644,11411,N
45.664,11416,N
45.704,11426,)
45.776,11444,(
45.848,11462,t
45.864,11466,t
45.968,11492,)
46.148,11537,(
46.172,11543,p
46.196,11549,)
46.240,11560,(
46.332,11583,N
46.356,11589,N
46.392,11598,)
46.468,11617,(
46.540,11635,t
46.560,11640,t
46.652,11663,)
46.728,11682,(
46.776,11694,p
46.820,11705,)
46.868,11717,(
46.868,11717,p
46.892,11723,)
46.932,11733,(
47.024,11756,N
47.048,11762,N
47.088,11772,)
47.160,11790,(
47.228,11807,t
47.248,11812,t
47.344,11836,)
47.368,11842,(
47.372,11843,p
47.496,11874,)
47.516,11879,(
47.544,11886,p
47.568,11892,)
47.608,11902,(
47.680,11920,N
47.700,11925,N
47.756,11939,)
47.828,11957,(
47.904,11976,t
47.924,11981,t
48.024,12006,)
48.280,12070,(
48.368,12092,N
48.392,12098,N
48.432,12108,)
48.508,12127,(
48.572,12143,t
48.588,12147,t
48.676,12169,)
48.996,12249,(
49.044,12261,N
49.064,12266,N
49.104,12276,)
49.184,12296,(
49.236,12309,t
49.256,12314,t
49.364,12341,)
49.596,12399,(
49.720,12430,N
49.744,12436,N
49.780,12445,)
49.856,12464,(
49.908,12477,t
49.936,12484,t
50.040,12510,)
50.064,12516,(
50.152,12538,p
50.228,12557,)
50.384,12596,(
50.392,12598,N
50.416,12604,N
50.456,12614,)
50.528,12632,(
50.576,12644,t
50.616,12654,t
50.716,12679,)
50.984,12746,(
51.072,12768,N
51.100,12775,N
51.128,12782,)
51.212,12803,(
51.292,12823,t
51.300,12825,t
51.404,12851,)
51.644,12911,(
51.740,12935,N
51.760,12940,N
51.796,12949,)
51.868,12967,(
51.924,12981,t
51.964,12991,t
52.052,13013,)
52.216,13054,(
52.248,13062,p
52.264,13066,)
52.308,13077,(
52.396,13099,N
52.424,13106,N
52.464,13116,)
52.552,13138,(
52.620,13155,t
52.632,13158,t
52.712,13178,)
52.876,13219,(
52.912,13228,p
52.928,13232,)
52.972,13243,(
53.040,13260,N
53.068,13267,N
53.128,13282,)
53.196,13299,(
53.284,13321,t
53.308,13327,t
53.376,13344,)
53.524,13381,(
53.556,13389,p
53.572,13393,)
53.712,13428,(
53.736,13434,N
53.768,13442,)
53.852,13463,(
53.932,13483,t
53.944,13486,t
54.024,13506,)
54.180,13545,(
54.208,13552,p
54.224,13556,)
54.272,13568,(
54.360,13590,N
54.388,13597,N
54.420,13605,)
54.504,13626,(
54.584,13646,t
54.592,13648,t
54.676,13669,)
54.828,13707,(
54.860,13715,p
54.876,13719,)
54.924,13731,(
55.012,13753,N
55.036,13759,N
55.072,13768,)
55.156,13789,(
55.236,13809,t
55.240,13810,t
55.324,13831,)
55.532,13883,(
55.656,13914,N
55.676,13919,N
55.712,13928,)
55.800,13950,(
55.856,13964,t
55.892,13973,t
55.980,13995,)
55.984,13996,(
56.068,14017,p
56.136,14034,)
56.184,14046,(
56.308,14077,N
56.324,14081,N
56.364,14091,)
56.452,14113,(
56.504,14126,t
56.548,14137,t
56.632,14158,)
56.808,14202,(
56.840,14210,p
56.856,14214,)
56.908,14227,(
56.996,14249,N
57.020,14255,N
57.056,14264,)
57.132,14283,(
57.204,14301,t
57.224,14306,t
57.328,14332,)
57.592,14398,(
57.676,14419,N
57.704,14426,N
57.740,14435,)
57.808,14452,(
57.904,14476,t
57.904,14476,t
58.032,14508,)
58.232,14558,(
58.256,14564,p
58.280,14570,)
58.404,14601,(
58.416,14604,N
58.440,14610,N
58.480,14620,)
58.548,14637,(
58.644,14661,t
58.644,14661,t
58.752,14688,)
58.968,14742,(
58.992,14748,p
59.016,14754,)
59.064,14766,(
59.156,14789,N
59.184,14796,N
59.216,14804,)
59.296,14824,(
59.384,14846,t
59.388,14847,t
59.496,14874,)
59.692,14923,(
59.716,14929,p
59.740,14935,)
59.788,14947,(
59.880,14970,N
59.908,14977,N
59.940,14985,)
60.024,15006,(
60.112,15028,t
60.112,15028,t
60.236,15059,)
60.440,15110,(
60.464,15116,p
60.488,15122,)
60.608,15152,(
60.628,15157,N
60.652,15163,N
60.688,15172,)
60.768,15192,(
60.856,15214,t
60.864,15216,t
60.956,15239,)
61.184,15296,(
61.208,15302,p
61.232,15308,)
61.280,15320,(
61.368,15342,N
61.392,15348,N
61.428,15357,)
61.504,15376,(
61.596,15399,t
61.604,15401,t
61.684,15421,)
61.956,15489,(
61.976,15494,p
62.004,15501,)
62.124,15531,(
62.140,15535,N
62.168,15542,N
62.200,15550,)
62.280,15570,(
62.372,15593,t
62.380,15595,t
62.452,15613,)
62.736,15684,(
62.760,15690,p
62.780,15695,)
62.900,15725,(
62.920,15730,N
62.948,15737,N
62.984,15746,)
63.060,15765,(
63.152,15788,t
63.164,15791,t
63.236,15809,)
63.512,15878,(
63.532,15883,p
63.556,15889,)
63.604,15901,(
63.692,15923,N
63.720,15930,N
63.756,15939,)
63.836,15959,(
63.924,15981,t
63.936,15984,t
64.044,16011,)
64.260,16065,(
64.284,16071,p
64.304,16076,)
64.352,16088,(
64.444,16111,N
64.468,16117,N
64.504,16126,)
64.584,16146,(
64.676,16169,t
64.676,16169,t
64.788,16197,)
64.836,16209,(
64.912,16228,p
64.980,16245,)
65.028,16257,(
65.048,16262,p
65.076,16269,)
65.120,16280,(
65.208,16302,N
65.240,16310,N
65.272,16318,)
65.352,16338,(
65.444,16361,t
65.460,16365,t
65.548,16387,)
65.756,16439,(
65.780,16445,p
65.804,16451,)
65.852,16463,(
65.940,16485,N
65.968,16492,N
66.004,16501,)
66.080,16520,(
66.176,16544,t
66.180,16545,t
66.308,16577,)
66.512,16628,(
66.536,16634,p
66.560,16640,)
66.608,16652,(
66.696,16674,N
66.724,16681,N
66.760,16690,)
66.840,16710,(
66.928,16732,t
66.928,16732,t
67.040,16760,)
67.264,16816,(
67.288,16822,p
67.312,16828,)
67.356,16839,(
67.444,16861,N
67.472,16868,N
67.508,16877,)
67.588,16897,(
67.676,16919,t
67.684,16921,t
67.784,16946,)
67.988,16997,(
68.012,17003,p
68.032,17008,)
68.080,17020,(
68.168,17042,N
68.196,17049,N
68.232,17058,)
68.308,17077,(
68.404,17101,t
68.412,17103,t
68.548,17137,)
68.740,17185,(
68.764,17191,p
68.788,17197,)
68.904,17226,(
68.924,17231,N
68.952,17238,N
68.984,17246,)
69.068,17267,(
69.156,17289,t
69.156,17289,t
69.240,17310,)
69.532,17383,(
69.552,17388,p
69.580,17395,)
69.704,17426,(
69.716,17429,N
69.744,17436,N
69.780,17445,)
69.860,17465,(
69.952,17488,t
69.964,17491,t
70.032,17508,)
70.352,17588,(
70.376,17594,p
70.400,17600,)
70.424,17606,(
70.512,17628,N
70.536,17634,N
70.568,17642,)
70.656,17664,(
70.744,17686,t
70.748,17687,t
70.816,17704,)
71.200,17800,(
71.288,17822,N
71.316,17829,N
71.348,17837,)
71.428,17857,(
71.524,17881,t
71.532,17883,t
71.612,17903,)
71.720,17930,(
71.808,17952,p
71.884,17971,)
71.924,17981,(
71.940,17985,p
71.968,17992,)
71.988,17997,(
72.076,18019,N
72.104,18026,N
72.140,18035,)
72.220,18055,(
72.312,18078,t
72.316,18079,t
72.404,18101,)
72.608,18152,(
72.628,18157,p
72.640,18160,)
72.744,18186,(
72.836,18209,N
72.860,18215,N
72.892,18223,)
72.980,18245,(
73.068,18267,t
73.076,18269,t
73.176,18294,)
73.356,18339,(
73.380,18345,p
73.416,18354,)
73.500,18375,(
73.588,18397,N
73.616,18404,N
73.652,18413,)
73.728,18432,(
73.824,18456,t
73.832,18458,t
73.948,18487,)
74.100,18525,(
74.124,18531,p
74.160,18540,)
74.244,18561,(
74.332,18583,N
74.360,18590,N
74.396,18599,)
74.476,18619,(
74.572,18643,t
74.580,18645,t
74.688,18672,)
74.856,18714,(
74.884,18721,p
74.920,18730,)
75.004,18751,(
75.092,18773,N
75.116,18779,N
75.152,18788,)
75.236,18809,(
75.328,18832,t
75.328,18832,t
75.432,18858,)
75.592,18898,(
75.620,18905,p
75.656,18914,)
75.740,18935,(
75.828,18957,N
75.856,18964,N
75.888,18972,)
75.972,18993,(
76.064,19016,t
76.064,19016,t
76.176,19044,)
76.344,19086,(
76.368,19092,p
76.404,19101,)
76.488,19122,(
76.576,19144,N
76.604,19151,N
76.640,19160,)
76.716,19179,(
76.800,19200,t
76.808,19202,t
76.908,19227,)
77.076,19269,(
77.104,19276,p
77.140,19285,)
77.220,19305,(
77.312,19328,N
77.336,19334,N
77.372,19343,)
77.452,19363,(
77.532,19383,t
77.544,19386,t
77.640,19410,)
77.792,19448,(
77.820,19455,p
77.856,19464,)
77.940,19485,(
78.032,19508,N
78.056,19514,N
78.092,19523,)
78.168,19542,(
78.244,19561,t
78.264,19566,t
78.360,19590,)
78.512,19628,(
78.544,19636,p
78.580,19645,)
78.664,19666,(
78.752,19688,N
78.780,19695,N
78.816,19704,)
78.896,19724,(
78.968,19742,t
78.984,19746,t
79.084,19771,)
79.376,19844,(
79.464,19866,N
79.492,19873,N
79.528,19882,)
79.604,19901,(
79.688,19922,t
79.692,19923,t
79.784,19946,)
80.056,20014,(
80.148,20037,N
80.172,20043,N
80.212,20053,)
80.284,20071,(
80.372,20093,t
80.380,20095,t
80.504,20126,t
80.512,20128,t
80.588,20147,)
80.728,20182,(
80.820,20205,N
80.844,20211,N
80.876,20219,)
80.960,20240,(
81.032,20258,t
81.048,20262,t
81.164,20291,t
81.176,20294,t
81.260,20315,)
81.404,20351,(
81.492,20373,N
81.520,20380,N
81.556,20389,)
81.636,20409,(
81.720,20430,t
81.724,20431,t
81.812,20453,)
81.912,20478,(
81.944,20486,p
81.972,20493,)
82.064,20516,(
82.148,20537,N
82.176,20544,N
82.212,20553,)
82.292,20573,(
82.376,20594,t
82.380,20595,t
82.472,20618,)
82.720,20680,(
82.808,20702,N
82.836,20709,N
82.872,20718,)
82.948,20737,(
83.024,20756,t
83.036,20759,t
83.128,20782,)
83.380,20845,(
83.468,20867,N
83.492,20873,N
83.528,20882,)
83.608,20902,(
83.680,20920,t
83.696,20924,t
83.788,20947,)
84.052,21013,(
84.140,21035,N
84.168,21042,N
84.204,21051,)
84.276,21069,(
84.344,21086,t
84.364,21091,t
84.468,21117,)
84.584,21146,(
84.620,21155,p
84.648,21162,)
84.736,21184,(
84.824,21206,N
84.852,21213,N
84.888,21222,)
84.964,21241,(
85.040,21260,t
85.052,21263,t
85.144,21286,)
85.448,21362,(
85.536,21384,N
85.560,21390,N
85.596,21399,)
85.680,21420,(
85.760,21440,t
85.764,21441,t
85.872,21468,)
86.160,21540,(
86.248,21562,N
86.276,21569,N
86.312,21578,)
86.384,21596,(
86.480,21620,t
86.480,21620,t
86.612,21653,)
86.748,21687,(
86.768,21692,p
86.780,21695,p
86.800,21700,)
86.888,21722,(
86.976,21744,N
87.004,21751,N
87.040,21760,)
87.120,21780,(
87.208,21802,t
87.216,21804,t
87.332,21833,)
87.712,21928,(
87.728,21932,N
87.756,21939,N
87.792,21948,)
87.872,21968,(
87.964,21991,t
87.968,21992,t
88.068,22017,)
88.228,22057,(
88.256,22064,p
88.292,22073,)
88.376,22094,(
88.468,22117,N
88.496,22124,N
88.528,22132,)
88.616,22154,(
88.692,22173,t
88.700,22175,t
88.800,22200,)
88.960,22240,(
88.988,22247,p
89.024,22256,)
89.108,22277,(
89.192,22298,N
89.224,22306,N
89.260,22315,)
89.336,22334,(
89.416,22354,t
89.424,22356,t
89.528,22382,)
89.672,22418,(
89.704,22426,p
89.740,22435,)
89.820,22455,(
89.908,22477,N
89.936,22484,N
89.972,22493,)
90.052,22513,(
90.120,22530,t
90.140,22535,t
90.232,22558,)
90.612,22653,(
90.628,22657,N
90.652,22663,N
90.688,22672,)
90.768,22692,(
90.840,22710,t
90.856,22714,t
90.948,22737,)
91.244,22811,(
91.332,22833,N
91.356,22839,N
91.392,22848,)
91.468,22867,(
91.548,22887,t
91.560,22890,t
91.664,22916,)
91.948,22987,(
92.032,23008,N
92.060,23015,N
92.096,23024,)
92.176,23044,(
92.260,23065,t
92.264,23066,t
92.360,23090,)
92.732,23183,(
92.748,23187,N
92.776,23194,N
92.812,23203,)
92.888,23222,(
92.972,23243,t
92.976,23244,t
93.072,23268,)
93.368,23342,(
93.460,23365,N
93.484,23371,N
93.520,23380,)
93.600,23400,(
93.676,23419,t
93.688,23422,t
93.780,23445,)
94.084,23521,(
94.172,23543,N
94.204,23551,N
94.240,23560,)
94.312,23578,(
94.388,23597,t
94.400,23600,t
94.508,23627,)
94.784,23696,(
94.872,23718,N
94.900,23725,N
94.936,23734,)
95.012,23753,(
95.084,23771,t
95.100,23775,t
95.196,23799,)
95.484,23871,(
95.572,23893,N
95.596,23899,N
95.632,23908,)
95.708,23927,(
95.776,23944,t
95.796,23949,t
95.888,23972,)
96.172,24043,(
96.264,24066,N
96.288,24072,N
96.324,24081,)
96.400,24100,(
96.472,24118,t
96.492,24123,t
96.588,24147,)
96.884,24221,(
96.972,24243,N
97.004,24251,N
97.040,24260,)
97.120,24280,(
97.200,24300,t
97.208,24302,t
97.308,24327,)
97.600,24400,(
97.692,24423,N
97.720,24430,N
97.756,24439,)
97.832,24458,(
97.924,24481,t
97.924,24481,t
98.032,24508,)
98.184,24546,(
98.212,24553,p
98.248,24562,)
98.332,24583,(
98.424,24606,N
98.448,24612,N
98.484,24621,)
98.564,24641,(
98.656,24664,t
98.656,24664,t
98.772,24693,)
98.916,24729,(
98.940,24735,p
98.976,24744,)
99.064,24766,(
99.152,24788,N
99.180,24795,N
99.216,24804,)
99.292,24823,(
99.388,24847,t
99.400,24850,t
99.520,24880,)
99.664,24916,(
99.692,24923,p
99.724,24931,)
99.892,24973,(
99.900,24975,N
99.928,24982,N
99.964,24991,)
100.044,25011,(
100.136,25034,t
100.152,25038,t
100.248,25062,)
100.432,25108,(
100.460,25115,p
100.496,25124,)
100.660,25165,(
100.672,25168,N
100.700,25175,N
100.732,25183,)
100.812,25203,(
100.908,25227,t
100.920,25230,t
100.996,25249,)
101.188,25297,(
101.212,25303,p
101.252,25313,)
101.336,25334,(
101.428,25357,N
101.452,25363,N
101.488,25372,)
101.572,25393,(
101.668,25417,t
101.668,25417,t
101.776,25444,)
101.952,25488,(
101.980,25495,p
102.016,25504,)
102.100,25525,(
102.188,25547,N
102.216,25554,N
102.252,25563,)
102.332,25583,(
102.424,25606,t
102.436,25609,t
102.524,25631,)
102.704,25676,(
102.732,25683,p
102.768,25692,)
102.852,25713,(
102.944,25736,N
102.968,25742,N
103.004,25751,)
103.088,25772,(
103.180,25795,t
103.184,25796,t
103.280,25820,)
103.456,25864,(
103.484,25871,p
103.520,25880,)
103.604,25901,(
103.696,25924,N
103.720,25930,N
103.756,25939,)
103.840,25960,(
103.924,25981,t
103.928,25982,t
104.020,26005,)
104.180,26045,(
104.208,26052,p
104.240,26060,)
104.404,26101,(
104.416,26104,N
104.440,26110,N
104.476,26119,)
104.560,26140,(
104.636,26159,t
104.648,26162,t
104.752,26188,)
104.892,26223,(
104.924,26231,p
104.960,26240,)
105.044,26261,(
105.132,26283,N
105.160,26290,N
105.196,26299,)
105.276,26319,(
105.364,26341,t
105.364,26341,t
105.472,26368,)
105.612,26403,(
105.644,26411,p
105.680,26420,)
105.764,26441,(
105.852,26463,N
105.880,26470,N
105.916,26479,)
106.000,26500,(
106.080,26520,t
106.088,26522,t
106.192,26548,)
106.580,26645,(
106.588,26647,N
106.616,26654,N
106.652,26663,)
106.736,26684,(
106.820,26705,t
106.824,26706,t
106.924,26731,)
107.076,26769,(
107.104,26776,p
107.136,26784,)
107.308,26827,(
107.316,26829,N
107.344,26836,N
107.380,26845,)
107.460,26865,(
107.548,26887,t
107.556,26889,t
107.664,26916,)
107.808,26952,(
107.836,26959,p
107.868,26967,)
108.036,27009,(
108.044,27011,N
108.072,27018,N
108.108,27027,)
108.184,27046,(
108.276,27069,t
108.280,27070,t
108.392,27098,)
108.544,27136,(
108.572,27143,p
108.608,27152,)
108.692,27173,(
108.780,27195,N
108.808,27202,N
108.844,27211,)
108.924,27231,(
109.012,27253,t
109.016,27254,t
109.120,27280,)
109.268,27317,(
109.300,27325,p
109.332,27333,)
109.420,27355,(
109.512,27378,N
109.536,27384,N
109.572,27393,)
109.660,27415,(
109.720,27430,t
109.748,27437,t
109.840,27460,)
110.000,27500,(
110.032,27508,p
110.064,27516,)
110.152,27538,(
110.240,27560,N
110.268,27567,N
110.304,27576,)
110.384,27596,(
110.444,27611,t
110.472,27618,t
110.568,27642,)
110.952,27738,(
110.952,27738,N
110.980,27745,N
111.016,27754,)
111.092,27773,(
111.136,27784,t
111.184,27796,t
111.276,27819,)
111.444,27861,(
111.444,27861,p
111.480,27870,)
111.636,27909,(
111.652,27913,N
111.676,27919,N
111.708,27927,)
111.792,27948,(
111.840,27960,t
111.880,27970,t
111.988,27997,)
112.012,28003,(
112.024,28006,t
112.108,28027,p
112.128,28032,)
112.248,28062,(
112.336,28084,N
112.364,28091,N
112.396,28099,)
112.476,28119,(
112.532,28133,t
112.564,28141,t
112.660,28165,)
112.792,28198,(
112.796,28199,p
112.824,28206,p
112.860,28215,)
112.940,28235,(
113.032,28258,N
113.060,28265,N
113.096,28274,)
113.172,28293,(
113.240,28310,t
113.264,28316,t
113.360,28340,)
113.644,28411,(
113.736,28434,N
113.760,28440,N
113.800,28450,)
113.876,28469,(
113.952,28488,t
113.964,28491,t
114.056,28514,)
114.196,28549,(
114.228,28557,p
114.260,28565,)
114.348,28587,(
114.436,28609,N
114.464,28616,N
114.500,28625,)
114.580,28645,(
114.668,28667,t
114.668,28667,t
114.792,28698,)
115.072,28768,(
115.160,28790,N
115.192,28798,N
115.228,28807,)
115.304,28826,(
115.396,28849,t
115.400,28850,t
115.552,28888,)
115.668,28917,(
115.696,28924,p
115.732,28933,)
115.896,28974,(
115.912,28978,N
115.944,28986,N
115.976,28994,)
116.060,29015,(
116.152,29038,t
116.152,29038,t
116.252,29063,)
116.460,29115,(
116.488,29122,p
116.524,29131,)
116.684,29171,(
116.704,29176,N
116.728,29182,N
116.764,29191,)
116.844,29211,(
116.940,29235,t
116.944,29236,t
117.028,29257,)
117.212,29303,(
117.240,29310,p
117.248,29312,)
117.364,29341,(
117.452,29363,N
117.480,29370,N
117.516,29379,)
117.600,29400,(
117.676,29419,t
117.692,29423,t
117.816,29454,)
117.972,29493,(
117.996,29499,p
118.004,29501,)
118.120,29530,(
118.208,29552,N
118.236,29559,N
118.272,29568,)
118.352,29588,(
118.428,29607,t
118.444,29611,t
118.540,29635,)
118.736,29684,(
118.760,29690,p
118.796,29699,)
118.956,29739,(
118.972,29743,N
119.000,29750,N
119.036,29759,)
119.120,29780,(
119.212,29803,t
119.224,29806,t
119.296,29824,)
119.500,29875,(
119.528,29882,p
119.536,29884,)
119.652,29913,(
119.744,29936,N
119.768,29942,N
119.804,29951,)
119.892,29973,(
119.984,29996,t
119.984,29996,t
120.064,30016,)
120.284,30071,(
120.312,30078,p
120.320,30080,)
120.436,30109,(
120.524,30131,N
120.552,30138,N
120.584,30146,)
120.672,30168,(
120.764,30191,t
120.768,30192,t
120.840,30210,)
121.064,30266,(
121.088,30272,p
121.096,30274,)
121.212,30303,(
121.300,30325,N
121.328,30332,N
121.364,30341,)
121.448,30362,(
121.540,30385,t
121.544,30386,t
121.616,30404,)
121.848,30462,(
121.872,30468,p
121.912,30478,)
122.076,30519,(
122.088,30522,N
122.116,30529,N
122.148,30537,)
122.240,30560,(
122.332,30583,t
122.340,30585,t
122.404,30601,)
122.624,30656,(
122.648,30662,p
122.684,30671,)
122.772,30693,(
122.864,30716,N
122.892,30723,N
122.924,30731,)
123.008,30752,(
123.104,30776,t
123.112,30778,t
123.184,30796,)
123.400,30850,(
123.424,30856,p
123.432,30858,)
123.548,30887,(
123.632,30908,N
123.660,30915,N
123.696,30924,)
123.780,30945,(
123.872,30968,t
123.884,30971,t
123.960,30990,)
124.160,31040,(
124.184,31046,p
124.220,31055,)
124.380,31095,(
124.396,31099,N
124.424,31106,N
124.460,31115,)
124.540,31135,(
124.632,31158,t
124.640,31160,t
124.736,31184,)
124.908,31227,(
124.936,31234,p
124.948,31237,)
125.060,31265,(
125.152,31288,N
125.180,31295,N
125.212,31303,)
125.300,31325,(
125.392,31348,t
125.396,31349,t
125.488,31372,)
125.668,31417,(
125.696,31424,p
125.712,31428,p
125.732,31433,)
125.816,31454,(
125.904,31476,N
125.932,31483,N
125.968,31492,)
126.052,31513,(
126.132,31533,t
126.140,31535,t
126.232,31558,)
126.400,31600,(
126.428,31607,p
126.464,31616,)
126.544,31636,(
126.552,31638,p
126.620,31655,)
126.624,31656,(
126.632,31658,N
126.660,31665,N
126.696,31674,)
126.776,31694,(
126.852,31713,t
126.864,31716,t
126.956,31739,)
127.340,31835,(
127.340,31835,N
127.368,31842,N
127.400,31850,)
127.484,31871,(
127.548,31887,t
127.572,31893,t
127.704,31926,t
127.728,31932,t
127.816,31954,)
127.948,31987,(
128.036,32009,N
128.064,32016,N
128.100,32025,)
128.172,32043,(
128.252,32063,t
128.268,32067,t
128.368,32092,)
128.648,32162,(
128.736,32184,N
128.768,32192,N
128.804,32201,)
128.880,32220,(
128.956,32239,t
128.972,32243,t
129.072,32268,)
129.356,32339,(
129.448,32362,N
129.476,32369,N
129.512,32378,)
129.584,32396,(
129.660,32415,t
129.676,32419,t
129.772,32443,)
130.056,32514,(
130.148,32537,N
130.176,32544,N
130.208,32552,)
130.288,32572,(
130.376,32594,t
130.380,32595,t
130.484,32621,)
130.776,32694,(
130.864,32716,N
130.892,32723,N
130.928,32732,)
131.004,32751,(
131.096,32774,t
131.100,32775,t
131.228,32807,)
131.348,32837,(
131.380,32845,p
131.412,32853,)
131.500,32875,(
131.592,32898,N
131.620,32905,N
131.656,32914,)
131.736,32934,(
131.828,32957,t
131.836,32959,t
131.948,32987,)
132.100,33025,(
132.128,33032,p
132.164,33041,)
132.252,33063,(
132.340,33085,N
132.368,33092,N
132.400,33100,)
132.480,33120,(
132.576,33144,t
132.580,33145,t
132.692,33173,)
132.840,33210,(
132.868,33217,p
132.904,33226,)
132.988,33247,(
133.080,33270,N
133.108,33277,N
133.144,33286,)
133.220,33305,(
133.316,33329,t
133.320,33330,t
133.444,33361,)
133.592,33398,(
133.620,33405,p
133.652,33413,)
133.744,33436,(
133.832,33458,N
133.860,33465,N
133.896,33474,)
133.976,33494,(
134.072,33518,t
134.076,33519,t
134.180,33545,)
134.348,33587,(
134.376,33594,p
134.412,33603,)
134.576,33644,(
134.592,33648,N
134.616,33654,N
134.652,33663,)
134.740,33685,(
134.832,33708,t
134.832,33708,t
134.928,33732,)
135.096,33774,(
135.124,33781,p
135.156,33789,)
135.244,33811,(
135.336,33834,N
135.364,33841,N
135.396,33849,)
135.480,33870,(
135.568,33892,t
135.572,33893,t
135.672,33918,)
135.828,33957,(
135.856,33964,p
135.892,33973,)
135.976,33994,(
136.064,34016,N
136.092,34023,N
136.128,34032,)
136.212,34053,(
136.296,34074,t
136.300,34075,t
136.408,34102,)
136.780,34195,(
136.792,34198,N
136.820,34205,N
136.856,34214,)
136.936,34234,(
137.016,34254,t
137.024,34256,t
137.132,34283,)
137.276,34319,(
137.308,34327,p
137.340,34335,)
137.428,34357,(
137.520,34380,N
137.544,34386,N
137.580,34395,)
137.668,34417,(
137.756,34439,t
137.760,34440,t
137.864,34466,)
138.004,34501,(
138.036,34509,p
138.068,34517,)
138.156,34539,(
138.248,34562,N
138.276,34569,N
138.308,34577,)
138.388,34597,(
138.484,34621,t
138.488,34622,t
138.604,34651,)
138.752,34688,(
138.776,34694,p
138.796,34699,p
138.812,34703,)
138.896,34724,(
138.988,34747,N
139.012,34753,N
139.052,34763,)
139.132,34783,(
139.224,34806,t
139.224,34806,t
139.336,34834,)
139.724,34931,(
139.732,34933,N
139.760,34940,N
139.796,34949,)
139.876,34969,(
139.968,34992,t
139.980,34995,t
140.084,35021,)
140.232,35058,(
140.256,35064,p
140.292,35073,)
140.460,35115,(
140.472,35118,N
140.496,35124,N
140.532,35133,)
140.616,35154,(
140.712,35178,t
140.712,35178,t
140.836,35209,)
140.984,35246,(
141.012,35253,p
141.048,35262,)
141.136,35284,(
141.224,35306,N
141.252,35313,N
141.288,35322,)
141.368,35342,(
141.464,35366,t
141.472,35368,t
141.584,35396,)
141.736,35434,(
141.764,35441,p
141.768,35442,)
141.884,35471,(
141.972,35493,N
142.000,35500,N
142.036,35509,)
142.116,35529,(
142.208,35552,t
142.216,35554,t
142.316,35579,)
142.492,35623,(
142.520,35630,p
142.524,35631,)
142.640,35660,(
142.728,35682,N
142.752,35688,N
142.788,35697,)
142.872,35718,(
142.964,35741,t
142.968,35742,t
143.072,35768,)
143.452,35863,(
143.472,35868,N
143.496,35874,N
143.528,35882,)
143.616,35904,(
143.708,35927,t
143.712,35928,t
143.820,35955,)
143.976,35994,(
144.004,36001,p
144.040,36010,)
144.124,36031,(
144.216,36054,N
144.244,36061,N
144.280,36070,)
144.360,36090,(
144.452,36113,t
144.456,36114,t
144.560,36140,)
144.720,36180,(
144.748,36187,p
144.764,36191,p
144.784,36196,)
144.868,36217,(
144.956,36239,N
144.984,36246,N
145.020,36255,)
145.100,36275,(
145.184,36296,t
145.192,36298,t
145.304,36326,)
145.692,36423,(
145.704,36426,N
145.728,36432,N
145.764,36441,)
145.844,36461,(
145.924,36481,t
145.940,36485,t
146.048,36512,)
146.204,36551,(
146.232,36558,p
146.240,36560,)
146.352,36588,(
146.444,36611,N
146.468,36617,N
146.504,36626,)
146.588,36647,(
146.676,36669,t
146.684,36671,t
146.804,36701,)
146.956,36739,(
146.984,36746,p
147.016,36754,)
147.104,36776,(
147.192,36798,N
147.220,36805,N
147.256,36814,)
147.340,36835,(
147.432,36858,t
147.436,36859,t
147.544,36886,)
147.932,36983,(
147.948,36987,N
147.972,36993,N
148.012,37003,)
148.096,37024,(
148.172,37043,t
148.188,37047,t
148.284,37071,)
148.448,37112,(
148.476,37119,p
148.512,37128,)
148.596,37149,(
148.688,37172,N
148.712,37178,N
148.748,37187,)
148.836,37209,(
148.912,37228,t
148.924,37231,t
149.024,37256,)
149.176,37294,(
149.200,37300,p
149.220,37305,p
149.236,37309,)
149.320,37330,(
149.412,37353,N
149.436,37359,N
149.472,37368,)
149.552,37388,(
149.632,37408,t
149.648,37412,t
149.752,37438,)
149.904,37476,(
149.936,37484,p
149.968,37492,)
150.056,37514,(
150.144,37536,N
150.172,37543,N
150.212,37553,)
150.288,37572,(
150.360,37590,t
150.380,37595,t
150.476,37619,)
150.636,37659,(
150.664,37666,p
150.704,37676,)
150.872,37718,(
150.876,37719,N
150.900,37725,N
150.936,37734,)
151.016,37754,(
151.084,37771,t
151.108,37777,t
151.200,37800,)
151.496,37874,(
151.588,37897,N
151.612,37903,N
151.644,37911,)
151.724,37931,(
151.788,37947,t
151.816,37954,t
151.912,37978,)
152.200,38050,(
152.288,38072,N
152.320,38080,N
152.356,38089,)
152.432,38108,(
152.508,38127,t
152.524,38131,t
152.624,38156,)
152.912,38228,(
153.000,38250,N
153.024,38256,N
153.064,38266,)
153.144,38286,(
153.216,38304,t
153.232,38308,t
153.328,38332,)
153.628,38407,(
153.716,38429,N
153.744,38436,N
153.780,38445,)
153.860,38465,(
153.932,38483,t
153.948,38487,t
154.044,38511,)
154.332,38583,(
154.420,38605,N
154.444,38611,N
154.484,38621,)
154.556,38639,(
154.624,38656,t
154.652,38663,t
154.748,38687,)
155.036,38759,(
155.124,38781,N
155.148,38787,N
155.188,38797,)
155.260,38815,(
155.328,38832,t
155.352,38838,t
155.448,38862,)
155.728,38932,(
155.816,38954,N
155.844,38961,N
155.880,38970,)
155.956,38989,(
156.024,39006,t
156.044,39011,t
156.144,39036,)
156.428,39107,(
156.520,39130,N
156.544,39136,N
156.580,39145,)
156.656,39164,(
156.728,39182,t
156.748,39187,t
156.844,39211,)
157.128,39282,(
157.220,39305,N
157.248,39312,N
157.284,39321,)
157.360,39340,(
157.432,39358,t
157.452,39363,t
157.552,39388,)
157.836,39459,(
157.924,39481,N
157.948,39487,N
157.988,39497,)
158.064,39516,(
158.136,39534,t
158.152,39538,t
158.248,39562,)
158.532,39633,(
158.620,39655,N
158.644,39661,N
158.680,39670,)
158.756,39689,(
158.832,39708,t
158.848,39712,t
158.976,39744,t
158.976,39744,t
159.020,39755,)
159.224,39806,(
159.316,39829,N
159.340,39835,N
159.376,39844,)
159.452,39863,(
159.532,39883,t
159.548,39887,t
159.644,39911,)
159.932,39983,(
160.020,40005,N
160.052,40013,N
160.088,40022,)
160.160,40040,(
160.236,40059,t
160.252,40063,t
160.352,40088,)
160.644,40161,(
160.732,40183,N
160.760,40190,N
160.796,40199,)
160.872,40218,(
160.944,40236,t
160.960,40240,t
161.060,40265,)
161.428,40357,(
161.440,40360,N
161.464,40366,N
161.500,40375,)
161.580,40395,(
161.660,40415,t
161.672,40418,t
161.764,40441,)
162.056,40514,(
162.148,40537,N
162.172,40543,N
162.208,40552,)
162.288,40572,(
162.372,40593,t
162.380,40595,t
162.484,40621,)
162.784,40696,(
162.872,40718,N
162.896,40724,N
162.936,40734,)
163.016,40754,(
163.104,40776,t
163.112,40778,t
163.208,40802,)
163.360,40840,(
163.388,40847,p
163.424,40856,)
163.592,40898,(
163.596,40899,N
163.624,40906,N
163.660,40915,)
163.740,40935,(
163.820,40955,t
163.828,40957,t
163.920,40980,)
164.076,41019,(
164.108,41027,p
164.140,41035,)
164.316,41079,(
164.320,41080,N
164.344,41086,N
164.380,41095,)
164.464,41116,(
164.536,41134,t
164.552,41138,t
164.652,41163,)
164.948,41237,(
165.032,41258,N
165.064,41266,N
165.096,41274,)
165.176,41294,(
165.264,41316,t
165.268,41317,t
165.376,41344,)
165.516,41379,(
165.548,41387,p
165.580,41395,)
165.668,41417,(
165.756,41439,N
165.784,41446,N
165.824,41456,)
165.908,41477,(
165.992,41498,t
166.000,41500,t
166.092,41523,)
166.240,41560,(
166.272,41568,p
166.308,41577,)
166.396,41599,(
166.484,41621,N
166.508,41627,N
166.548,41637,)
166.628,41657,(
166.704,41676,t
166.716,41679,t
166.816,41704,)
167.100,41775,(
167.192,41798,N
167.216,41804,N
167.252,41813,)
167.332,41833,(
167.408,41852,t
167.424,41856,t
167.516,41879,)
167.808,41952,(
167.892,41973,N
167.920,41980,N
167.956,41989,)
168.036,42009,(
168.108,42027,t
168.124,42031,t
168.224,42056,)
168.508,42127,(
168.600,42150,N
168.624,42156,N
168.664,42166,)
168.740,42185,(
168.816,42204,t
168.832,42208,t
168.928,42232,)
169.228,42307,(
169.316,42329,N
169.340,42335,N
169.380,42345,)
169.456,42364,(
169.532,42383,t
169.548,42387,t
169.648,42412,)
169.932,42483,(
170.024,42506,N
170.048,42512,N
170.084,42521,)
170.164,42541,(
170.232,42558,t
170.256,42564,t
170.356,42589,)
170.648,42662,(
170.736,42684,N
170.764,42691,N
170.800,42700,)
170.876,42719,(
170.960,42740,t
170.968,42742,t
171.076,42769,)
171.444,42861,(
171.460,42865,N
171.488,42872,N
171.524,42881,)
171.604,42901,(
171.696,42924,t
171.696,42924,t
171.800,42950,)
171.944,42986,(
171.976,42994,p
172.012,43003,)
172.100,43025,(
172.192,43048,N
172.216,43054,N
172.252,43063,)
172.336,43084,(
172.420,43105,t
172.428,43107,t
172.536,43134,)
172.692,43173,(
172.712,43178,p
172.724,43181,p
172.744,43186,)
172.832,43208,(
172.920,43230,N
172.952,43238,N
172.984,43246,)
173.068,43267,(
173.152,43288,t
173.156,43289,t
173.256,43314,)
173.416,43354,(
173.436,43359,p
173.452,43363,p
173.472,43368,)
173.556,43389,(
173.644,43411,N
173.672,43418,N
173.712,43428,)
173.788,43447,(
173.868,43467,t
173.876,43469,t
173.972,43493,)
174.124,43531,(
174.156,43539,p
174.188,43547,)
174.276,43569,(
174.368,43592,N
174.392,43598,N
174.428,43607,)
174.508,43627,(
174.592,43648,t
174.600,43650,t
174.704,43676,)
174.844,43711,(
174.876,43719,p
174.908,43727,)
175.000,43750,(
175.088,43772,N
175.116,43779,N
175.152,43788,)
175.232,43808,(
175.324,43831,t
175.324,43831,t
175.436,43859,)
175.572,43893,(
175.604,43901,p
175.640,43910,)
175.728,43932,(
175.816,43954,N
175.844,43961,N
175.880,43970,)
175.960,43990,(
176.032,44008,t
176.048,44012,t
176.148,44037,)
176.304,44076,(
176.332,44083,p
176.368,44092,)
176.456,44114,(
176.544,44136,N
176.572,44143,N
176.608,44152,)
176.684,44171,(
176.756,44189,t
176.776,44194,t
176.868,44217,)
177.152,44288,(
177.240,44310,N
177.264,44316,N
177.300,44325,)
177.376,44344,(
177.440,44360,t
177.464,44366,t
177.564,44391,)
177.740,44435,(
177.740,44435,p
177.772,44443,)
177.856,44464,(
177.944,44486,N
177.972,44493,N
178.008,44502,)
178.072,44518,(
178.140,44535,t
178.168,44542,t
178.264,44566,)
178.540,44635,(
178.632,44658,N
178.656,44664,N
178.692,44673,)
178.768,44692,(
178.844,44711,t
178.860,44715,t
178.988,44747,t
179.016,44754,t
179.088,44772,)
179.224,44806,(
179.312,44828,N
179.340,44835,N
179.372,44843,)
179.448,44862,(
179.536,44884,t
179.548,44887,t
179.652,44913,)
179.660,44915,(
179.676,44919,p
179.684,44921,t
179.768,44942,)
179.776,44944,(
179.812,44953,p
179.824,44956,)
179.892,44973,(
179.980,44995,N
180.008,45002,N
180.044,45011,)
180.112,45028,(
180.188,45047,t
180.200,45050,t
180.308,45077,)
180.420,45105,(
180.452,45113,p
180.476,45119,)
180.572,45143,(
180.664,45166,N
180.688,45172,N
180.724,45181,)
180.800,45200,(
180.872,45218,t
180.888,45222,t
180.980,45245,)
181.280,45320,(
181.368,45342,N
181.400,45350,N
181.432,45358,)
181.504,45376,(
181.580,45395,t
181.592,45398,t
181.700,45425,)
181.976,45494,(
182.064,45516,N
182.092,45523,N
182.128,45532,)
182.204,45551,(
182.276,45569,t
182.292,45573,t
182.388,45597,)
182.512,45628,(
182.528,45632,p
182.548,45637,p
182.580,45645,)
182.668,45667,(
182.756,45689,N
182.784,45696,N
182.820,45705,)
182.892,45723,(
182.964,45741,t
182.984,45746,t
183.084,45771,)
183.364,45841,(
183.448,45862,N
183.476,45869,N
183.512,45878,)
183.588,45897,(
183.668,45917,t
183.676,45919,t
183.784,45946,)
184.072,46018,(
184.160,46040,N
184.184,46046,N
184.220,46055,)
184.304,46076,(
184.384,46096,t
184.392,46098,t
184.500,46125,)
184.864,46216,(
184.884,46221,N
184.908,46227,N
184.944,46236,)
185.024,46256,(
185.108,46277,t
185.120,46280,t
185.232,46308,)
185.376,46344,(
185.404,46351,p
185.436,46359,)
185.528,46382,(
185.616,46404,N
185.648,46412,N
185.684,46421,)
185.760,46440,(
185.840,46460,t
185.852,46463,t
185.960,46490,)
186.116,46529,(
186.140,46535,p
186.156,46539,p
186.172,46543,)
186.260,46565,(
186.348,46587,N
186.376,46594,N
186.412,46603,)
186.488,46622,(
186.568,46642,t
186.580,46645,t
186.696,46674,)
187.072,46768,(
187.080,46770,N
187.108,46777,N
187.144,46786,)
187.224,46806,(
187.304,46826,t
187.312,46828,t
187.424,46856,)
187.568,46892,(
187.596,46899,p
187.632,46908,)
187.720,46930,(
187.812,46953,N
187.836,46959,N
187.872,46968,)
187.956,46989,(
188.028,47007,t
188.048,47012,t
188.144,47036,)
188.308,47077,(
188.324,47081,p
188.344,47086,p
188.360,47090,)
188.448,47112,(
188.536,47134,N
188.568,47142,N
188.604,47151,)
188.676,47169,(
188.752,47188,t
188.768,47192,t
188.872,47218,)
189.012,47253,(
189.048,47262,p
189.080,47270,)
189.168,47292,(
189.256,47314,N
189.284,47321,N
189.324,47331,)
189.400,47350,(
189.472,47368,t
189.488,47372,t
189.596,47399,)
189.884,47471,(
189.972,47493,N
190.000,47500,N
190.036,47509,)
190.112,47528,(
190.188,47547,t
190.200,47550,t
190.304,47576,)
190.588,47647,(
190.680,47670,N
190.704,47676,N
190.740,47685,)
190.816,47704,(
190.896,47724,t
190.912,47728,t
191.008,47752,)
191.304,47826,(
191.388,47847,N
191.420,47855,N
191.456,47864,)
191.528,47882,(
191.604,47901,t
191.620,47905,t
191.724,47931,)
192.012,48003,(
192.100,48025,N
192.128,48032,N
192.164,48041,)
192.240,48060,(
192.312,48078,t
192.328,48082,t
192.424,48106,)
192.800,48200,(
192.812,48203,N
192.836,48209,N
192.872,48218,)
192.948,48237,(
193.020,48255,t
193.040,48260,t
193.128,48282,)
193.424,48356,(
193.512,48378,N
193.540,48385,N
193.576,48394,)
193.652,48413,(
193.732,48433,t
193.744,48436,t
193.852,48463,)
194.144,48536,(
194.232,48558,N
194.260,48565,N
194.296,48574,)
194.372,48593,(
194.444,48611,t
194.464,48616,t
194.568,48642,)
194.864,48716,(
194.952,48738,N
194.980,48745,N
195.020,48755,)
195.092,48773,(
195.164,48791,t
195.180,48795,t
195.280,48820,)
195.564,48891,(
195.652,48913,N
195.676,48919,N
195.712,48928,)
195.784,48946,(
195.844,48961,t
195.876,48969,t
195.968,48992,)
196.260,49065,(
196.348,49087,N
196.376,49094,N
196.412,49103,)
196.484,49121,(
196.548,49137,t
196.572,49143,t
196.672,49168,)
196.948,49237,(
197.040,49260,N
197.068,49267,N
197.104,49276,)
197.180,49295,(
197.248,49312,t
197.264,49316,t
197.364,49341,)
197.632,49408,(
197.724,49431,N
197.748,49437,N
197.784,49446,)
197.860,49465,(
197.936,49484,t
197.952,49488,t
198.076,49519,t
198.080,49520,t
198.168,49542,)
198.312,49578,(
198.400,49600,N
198.428,49607,N
198.464,49616,)
198.536,49634,(
198.616,49654,t
198.632,49658,t
198.724,49681,)
198.984,49746,(
199.072,49768,N
199.096,49774,N
199.132,49783,)
199.208,49802,(
199.280,49820,t
199.296,49824,t
199.396,49849,)
199.504,49876,(
199.540,49885,p
199.564,49891,)
199.656,49914,(
199.748,49937,N
199.772,49943,N
199.808,49952,)
199.884,49971,(
199.952,49988,t
199.972,49993,t
200.064,50016,)
200.180,50045,(
200.212,50053,p
200.236,50059,)
200.336,50084,(
200.424,50106,N
200.448,50112,N
200.484,50121,)
200.556,50139,(
200.624,50156,t
200.644,50161,t
200.752,50188,)
201.020,50255,(
201.108,50277,N
201.136,50284,N
201.172,50293,)
201.240,50310,(
201.312,50328,t
201.336,50334,t
201.436,50359,)
201.720,50430,(
201.804,50451,N
201.832,50458,N
201.868,50467,)
201.940,50485,(
202.016,50504,t
202.028,50507,t
202.132,50533,)
202.512,50628,(
202.516,50629,N
202.540,50635,N
202.576,50644,)
202.652,50663,(
202.740,50685,t
202.744,50686,t
202.852,50713,)
203.144,50786,(
203.236,50809,N
203.264,50816,N
203.300,50825,)
203.372,50843,(
203.468,50867,t
203.468,50867,t
203.592,50898,)
203.736,50934,(
203.760,50940,p
203.772,50943,p
203.792,50948,)
203.880,50970,(
203.972,50993,N
204.000,51000,N
204.036,51009,)
204.116,51029,(
204.204,51051,t
204.212,51053,t
204.320,51080,)
204.708,51177,(
204.720,51180,N
204.744,51186,N
204.784,51196,)
204.856,51214,(
204.952,51238,t
204.952,51238,t
205.060,51265,)
205.448,51362,(
205.456,51364,N
205.480,51370,N
205.516,51379,)
205.600,51400,(
205.688,51422,t
205.688,51422,t
205.812,51453,)
205.956,51489,(
205.984,51496,p
205.988,51497,)
206.108,51527,(
206.196,51549,N
206.220,51555,N
206.256,51564,)
206.332,51583,(
206.428,51607,t
206.440,51610,t
206.560,51640,)
206.708,51677,(
206.736,51684,p
206.740,51685,)
206.860,51715,(
206.948,51737,N
206.976,51744,N
207.012,51753,)
207.092,51773,(
207.184,51796,t
207.196,51799,t
207.300,51825,)
207.696,51924,(
207.704,51926,N
207.732,51933,N
207.768,51942,)
207.852,51963,(
207.940,51985,t
207.944,51986,t
208.048,52012,)
208.208,52052,(
208.236,52059,p
208.272,52068,)
208.356,52089,(
208.448,52112,N
208.472,52118,N
208.508,52127,)
208.592,52148,(
208.684,52171,t
208.684,52171,t
208.792,52198,)
208.952,52238,(
208.980,52245,p
208.996,52249,p
209.016,52254,)
209.100,52275,(
209.188,52297,N
209.216,52304,N
209.252,52313,)
209.332,52333,(
209.424,52356,t
209.436,52359,t
209.536,52384,)
209.692,52423,(
209.720,52430,p
209.752,52438,)
209.840,52460,(
209.928,52482,N
209.956,52489,N
209.992,52498,)
210.072,52518,(
210.164,52541,t
210.168,52542,t
210.268,52567,)
210.432,52608,(
210.456,52614,p
210.492,52623,)
210.580,52645,(
210.672,52668,N
210.692,52673,N
210.728,52682,)
210.816,52704,(
210.884,52721,t
210.900,52725,t
210.996,52749,)
211.148,52787,(
211.176,52794,p
211.208,52802,)
211.296,52824,(
211.384,52846,N
211.408,52852,N
211.448,52862,)
211.520,52880,(
211.604,52901,t
211.612,52903,t
211.712,52928,)
211.860,52965,(
211.892,52973,p
211.928,52982,)
212.012,53003,(
212.100,53025,N
212.128,53032,N
212.164,53041,)
212.240,53060,(
212.316,53079,t
212.328,53082,t
212.424,53106,)
212.792,53198,(
212.812,53203,N
212.836,53209,N
212.876,53219,)
212.952,53238,(
213.024,53256,t
213.044,53261,t
213.140,53285,)
213.420,53355,(
213.508,53377,N
213.536,53384,N
213.572,53393,)
213.652,53413,(
213.724,53431,t
213.736,53434,t
213.824,53456,)
214.108,53527,(
214.196,53549,N
214.220,53555,N
214.256,53564,)
214.344,53586,(
214.424,53606,t
214.428,53607,t
214.536,53634,t
214.536,53634,t
214.632,53658,)
214.768,53692,(
214.856,53714,N
214.880,53720,N
214.916,53729,)
215.000,53750,(
215.084,53771,t
215.092,53773,t
215.188,53797,)
215.416,53854,(
215.504,53876,N
215.524,53881,N
215.564,53891,)
215.648,53912,(
215.728,53932,t
215.744,53936,t
215.832,53958,)
216.048,54012,(
216.136,54034,N
216.160,54040,N
216.200,54050,)
216.288,54072,(
216.368,54092,t
216.376,54094,t
216.468,54117,)
216.688,54172,(
216.776,54194,N
216.800,54200,N
216.840,54210,)
216.924,54231,(
217.000,54250,t
217.012,54253,t
217.112,54278,)
217.328,54332,(
217.416,54354,N
217.440,54360,N
217.480,54370,)
217.556,54389,(
217.612,54403,t
217.636,54409,t
217.744,54436,)
217.868,54467,(
217.880,54470,p
217.884,54471,p
217.912,54478,)
218.004,54501,(
218.096,54524,N
218.120,54530,N
218.156,54539,)
218.232,54558,(
218.316,54579,t
218.324,54581,t
218.452,54613,)
218.560,54640,(
218.592,54648,p
218.624,54656,)
218.712,54678,(
218.804,54701,N
218.828,54707,N
218.864,54716,)
218.944,54736,(
219.036,54759,t
219.040,54760,t
219.116,54779,)
219.332,54833,(
219.356,54839,p
219.396,54849,)
219.564,54891,(
219.572,54893,N
219.604,54901,N
219.640,54910,)
219.716,54929,(
219.808,54952,t
219.812,54953,t
219.888,54972,)
220.200,55050,(
220.264,55066,p
220.296,55074,)
220.404,55101,(
220.408,55102,N
220.436,55109,N
220.472,55118,)
220.552,55138,(
220.640,55160,t
220.644,55161,t
220.716,55179,)
221.096,55274,(
221.116,55279,p
221.156,55289,)
221.348,55337,(
221.360,55340,N
221.396,55349,)
221.484,55371,(
221.580,55395,t
221.584,55396,t
221.668,55417,)
222.064,55516,(
222.080,55520,p
222.124,55531,p
222.144,55536,)
222.180,55545,(
222.272,55568,N
222.300,55575,N
222.336,55584,)
222.424,55606,(
222.520,55630,t
222.532,55633,t
222.612,55653,)
223.000,55750,(
223.016,55754,p
223.044,55761,)
223.184,55796,(
223.208,55802,N
223.244,55811,)
223.332,55833,(
223.428,55857,t
223.436,55859,t
223.524,55881,)
223.924,55981,(
223.948,55987,p
223.972,55993,)
224.128,56032,(
224.136,56034,N
224.172,56043,)
224.260,56065,(
224.360,56090,t
224.368,56092,t
224.444,56111,)
224.828,56207,(
224.916,56229,N
224.940,56235,N
224.976,56244,)
225.068,56267,(
225.160,56290,t
225.164,56291,t
225.232,56308,)
225.388,56347,(
225.460,56365,p
225.568,56392,)
225.568,56392,(
225.588,56397,p
225.612,56403,)
225.664,56416,(
225.752,56438,N
225.780,56445,N
225.816,56454,)
225.904,56476,(
225.996,56499,t
226.012,56503,t
226.068,56517,)
226.408,56602,(
226.424,56606,p
226.444,56611,)
226.572,56643,(
226.584,56646,N
226.612,56653,N
226.648,56662,)
226.732,56683,(
226.828,56707,t
226.840,56710,t
226.904,56726,)
227.184,56796,(
227.204,56801,p
227.228,56807,)
227.280,56820,(
227.368,56842,N
227.392,56848,N
227.428,56857,)
227.516,56879,(
227.612,56903,t
227.612,56903,t
227.680,56920,)
227.952,56988,(
227.968,56992,p
227.996,56999,)
228.112,57028,(
228.132,57033,N
228.160,57040,N
228.196,57049,)
228.280,57070,(
228.372,57093,t
228.384,57096,t
228.456,57114,)
228.768,57192,(
228.788,57197,p
228.816,57204,)
228.868,57217,(
228.956,57239,N
228.984,57246,N
229.024,57256,)
229.104,57276,(
229.200,57300,t
229.208,57302,t
229.288,57322,)
229.624,57406,(
229.712,57428,N
229.736,57434,N
229.772,57443,)
229.860,57465,(
229.952,57488,t
229.956,57489,t
230.072,57518,)
230.356,57589,(
230.448,57612,N
230.476,57619,N
230.512,57628,)
230.592,57648,(
230.688,57672,t
230.688,57672,t
230.812,57703,)
230.988,57747,(
231.016,57754,p
231.028,57757,p
231.048,57762,)
231.132,57783,(
231.220,57805,N
231.248,57812,N
231.288,57822,)
231.372,57843,(
231.456,57864,t
231.460,57865,t
231.556,57889,)
231.720,57930,(
231.748,57937,p
231.784,57946,)
231.936,57984,(
231.956,57989,N
231.984,57996,N
232.020,58005,)
232.104,58026,(
232.196,58049,t
232.196,58049,t
232.296,58074,)
232.444,58111,(
232.472,58118,p
232.508,58127,)
232.592,58148,(
232.684,58171,N
232.708,58177,N
232.744,58186,)
232.832,58208,(
232.920,58230,t
232.924,58231,t
233.044,58261,)
233.188,58297,(
233.216,58304,p
233.248,58312,)
233.336,58334,(
233.424,58356,N
233.452,58363,N
233.488,58372,)
233.564,58391,(
233.660,58415,t
233.668,58417,t
233.792,58448,)
233.936,58484,(
233.960,58490,p
233.996,58499,)
234.152,58538,(
234.172,58543,N
234.196,58549,N
234.236,58559,)
234.316,58579,(
234.408,58602,t
234.416,58604,t
234.496,58624,)
234.700,58675,(
234.728,58682,p
234.764,58691,)
234.940,58735,(
234.944,58736,N
234.968,58742,N
235.004,58751,)
235.092,58773,(
235.184,58796,t
235.192,58798,t
235.260,58815,)
235.476,58869,(
235.500,58875,p
235.536,58884,)
235.628,58907,(
235.716,58929,N
235.744,58936,N
235.780,58945,)
235.864,58966,(
235.956,58989,t
235.964,58991,t
236.032,59008,)
236.264,59066,(
236.288,59072,p
236.324,59081,)
236.416,59104,(
236.500,59125,N
236.528,59132,N
236.568,59142,)
236.652,59163,(
236.744,59186,t
236.752,59188,t
236.820,59205,)
237.056,59264,(
237.080,59270,p
237.116,59279,)
237.200,59300,(
237.288,59322,N
237.312,59328,N
237.352,59338,)
237.432,59358,(
237.528,59382,t
237.532,59383,t
237.604,59401,)
237.840,59460,(
237.864,59466,p
237.900,59475,)
238.060,59515,(
238.080,59520,N
238.100,59525,N
238.136,59534,)
238.232,59558,(
238.320,59580,t
238.328,59582,t
238.396,59599,)
238.628,59657,(
238.652,59663,p
238.660,59665,)
238.776,59694,(
238.864,59716,N
238.888,59722,N
238.928,59732,)
239.012,59753,(
239.104,59776,t
239.112,59778,t
239.184,59796,)
239.408,59852,(
239.432,59858,p
239.472,59868,)
239.556,59889,(
239.644,59911,N
239.668,59917,N
239.708,59927,)
239.792,59948,(
239.884,59971,t
239.896,59974,t
239.968,59992,)
240.180,60045,(
240.204,60051,p
240.240,60060,)
240.400,60100,(
240.420,60105,N
240.444,60111,N
240.480,60120,)
240.568,60142,(
240.664,60166,t
240.668,60167,t
240.744,60186,)
240.944,60236,(
240.948,60237,p
240.972,60243,p
241.012,60253,)
241.096,60274,(
241.188,60297,N
241.212,60303,N
241.248,60312,)
241.328,60332,(
241.432,60358,t
241.432,60358,t
241.520,60380,)
241.720,60430,(
241.744,60436,p
241.752,60438,)
241.868,60467,(
241.956,60489,N
241.980,60495,N
242.020,60505,)
242.104,60526,(
242.192,60548,t
242.192,60548,t
242.284,60571,)
242.668,60667,(
242.712,60678,N
242.732,60683,N
242.764,60691,)
242.856,60714,(
242.932,60733,t
242.944,60736,t
243.040,60760,)
243.196,60799,(
243.220,60805,p
243.256,60814,)
243.340,60835,(
243.432,60858,N
243.452,60863,N
243.492,60873,)
243.576,60894,(
243.648,60912,t
243.664,60916,t
243.800,60950,t
243.820,60955,t
243.912,60978,)
243.984,60996,(
243.996,60999,p
244.036,61009,)
244.056,61014,(
244.148,61037,N
244.172,61043,N
244.208,61052,)
244.292,61073,(
244.356,61089,t
244.380,61095,t
244.516,61129,t
244.516,61129,t
244.624,61156,)
244.676,61169,(
244.696,61174,p
244.740,61185,)
244.760,61190,(
244.852,61213,N
244.872,61218,N
244.912,61228,)
244.992,61248,(
245.064,61266,t
245.084,61271,t
245.212,61303,t
245.220,61305,t
245.320,61330,)
245.460,61365,(
245.548,61387,N
245.572,61393,N
245.608,61402,)
245.696,61424,(
245.780,61445,t
245.788,61447,t
245.888,61472,)
246.120,61530,(
246.208,61552,N
246.232,61558,N
246.268,61567,)
246.348,61587,(
246.436,61609,t
246.444,61611,t
246.556,61639,t
246.556,61639,t
246.632,61658,)
246.776,61694,(
246.864,61716,N
246.888,61722,N
246.928,61732,)
247.012,61753,(
247.072,61768,t
247.096,61774,t
247.204,61801,)
247.432,61858,(
247.524,61881,N
247.544,61886,N
247.584,61896,)
247.672,61918,(
247.756,61939,t
247.756,61939,t
247.860,61965,)
247.872,61968,(
247.876,61969,t
247.964,61991,)
247.976,61994,(
248.008,62002,p
248.052,62013,)
248.092,62023,(
248.184,62046,N
248.204,62051,N
248.244,62061,)
248.324,62081,(
248.408,62102,t
248.412,62103,t
248.504,62126,)
248.600,62150,(
248.628,62157,p
248.660,62165,)
248.752,62188,(
248.840,62210,N
248.868,62217,N
248.904,62226,)
248.980,62245,(
249.060,62265,t
249.068,62267,t
249.168,62292,)
249.412,62353,(
249.504,62376,N
249.528,62382,N
249.564,62391,)
249.636,62409,(
249.732,62433,t
249.740,62435,t
249.828,62457,)
249.920,62480,(
249.952,62488,p
249.976,62494,)
250.076,62519,(
250.168,62542,N
250.188,62547,N
250.228,62557,)
250.308,62577,(
250.392,62598,t
250.400,62600,t
250.492,62623,)
250.748,62687,(
250.836,62709,N
250.860,62715,N
250.900,62725,)
250.980,62745,(
251.072,62768,t
251.080,62770,t
251.156,62789,)
251.256,62814,(
251.284,62821,p
251.312,62828,)
251.404,62851,(
251.496,62874,N
251.520,62880,N
251.560,62890,)
251.636,62909,(
251.720,62930,t
251.740,62935,t
251.816,62954,)
252.052,63013,(
252.144,63036,N
252.164,63041,N
252.200,63050,)
252.288,63072,(
252.368,63092,t
252.372,63093,t
252.456,63114,)
252.496,63124,(
252.544,63136,p
252.572,63143,)
252.692,63173,(
252.760,63190,N
252.780,63195,N
252.844,63211,)
252.924,63231,(
253.008,63252,t
253.020,63255,t
253.116,63279,)
253.212,63303,(
253.244,63311,p
253.288,63322,p
253.300,63325,)
253.404,63351,(
253.412,63353,N
253.436,63359,N
253.468,63367,)
253.556,63389,(
253.644,63411,t
253.648,63412,t
253.740,63435,)
253.944,63486,(
254.036,63509,N
254.060,63515,N
254.096,63524,)
254.184,63546,(
254.268,63567,t
254.276,63569,t
254.360,63590,)
254.584,63646,(
254.668,63667,N
254.696,63674,N
254.732,63683,)
254.820,63705,(
254.900,63725,t
254.912,63728,t
254.996,63749,)
255.208,63802,(
255.300,63825,N
255.320,63830,N
255.364,63841,)
255.456,63864,(
255.524,63881,t
255.540,63885,t
255.628,63907,)
255.848,63962,(
255.936,63984,N
255.952,63988,N
255.996,63999,)
256.340,64085,(
256.372,64093,p
256.396,64099,)
256.488,64122,(
256.564,64141,N
256.580,64145,N
256.644,64161,)
256.728,64182,(
256.764,64191,t
256.812,64203,t
256.892,64223,)
257.020,64255,(
257.036,64259,p
257.036,64259,p
257.068,64267,)
257.152,64288,(
257.220,64305,N
257.244,64311,N
257.308,64327,)
257.384,64346,(
257.472,64368,t
257.580,64395,)
257.676,64419,(
257.708,64427,p
257.736,64434,)
257.904,64476,(
257.920,64480,N
257.944,64486,N
257.984,64496,)
258.056,64514,(
258.124,64531,t
258.152,64538,t
258.252,64563,)
258.376,64594,(
258.408,64602,p
258.440,64610,)
258.528,64632,(
258.616,64654,N
258.644,64661,N
258.676,64669,)
258.756,64689,(
258.828,64707,t
258.848,64712,t
258.960,64740,)
259.080,64770,(
259.116,64779,p
259.140,64785,)
259.236,64809,(
259.328,64832,N
259.352,64838,N
259.388,64847,)
259.472,64868,(
259.564,64891,t
259.564,64891,t
259.676,64919,)
259.956,64989,(
260.044,65011,N
260.068,65017,N
260.104,65026,)
260.188,65047,(
260.284,65071,t
260.284,65071,t
260.408,65102,)
260.688,65172,(
260.776,65194,N
260.800,65200,N
260.836,65209,)
260.920,65230,(
261.016,65254,t
261.016,65254,t
261.132,65283,)
261.276,65319,(
261.304,65326,p
261.312,65328,)
261.428,65357,(
261.516,65379,N
261.540,65385,N
261.576,65394,)
261.664,65416,(
261.752,65438,t
261.752,65438,t
261.864,65466,)
262.240,65560,(
262.252,65563,N
262.272,65568,N
262.308,65577,)
262.400,65600,(
262.488,65622,t
262.496,65624,t
262.616,65654,)
262.760,65690,(
262.788,65697,p
262.792,65698,)
262.912,65728,(
263.000,65750,N
263.028,65757,N
263.064,65766,)
263.152,65788,(
263.228,65807,t
263.244,65811,t
263.344,65836,)
263.508,65877,(
263.536,65884,p
263.572,65893,)
263.656,65914,(
263.748,65937,N
263.772,65943,N
263.812,65953,)
263.892,65973,(
263.956,65989,t
263.984,65996,t
264.076,66019,)
264.428,66107,(
264.476,66119,N
264.492,66123,N
264.532,66133,)
264.608,66152,(
264.668,66167,t
264.700,66175,t
264.828,66207,t
264.832,66208,t
264.940,66235,)
264.988,66247,(
265.012,66253,p
265.028,66257,p
265.064,66266,)
265.168,66292,(
265.172,66293,N
265.204,66301,N
265.236,66309,)
265.312,66328,(
265.388,66347,t
265.400,66350,t
265.504,66376,)
265.772,66443,(
265.864,66466,N
265.888,66472,N
265.924,66481,)
266.000,66500,(
266.080,66520,t
266.092,66523,t
266.192,66548,)
266.464,66616,(
266.556,66639,N
266.580,66645,N
266.616,66654,)
266.696,66674,(
266.756,66689,t
266.784,66696,t
266.884,66721,)
267.000,66750,(
267.004,66751,p
267.012,66753,)
267.152,66788,(
267.244,66811,N
267.268,66817,N
267.308,66827,)
267.376,66844,(
267.444,66861,t
267.468,66867,t
267.568,66892,)
267.684,66921,(
267.720,66930,p
267.752,66938,)
267.836,66959,(
267.924,66981,N
267.952,66988,N
267.988,66997,)
268.064,67016,(
268.132,67033,t
268.152,67038,t
268.248,67062,)
268.612,67153,(
268.620,67155,N
268.648,67162,N
268.684,67171,)
268.756,67189,(
268.840,67210,t
268.852,67213,t
268.952,67238,)
269.244,67311,(
269.336,67334,N
269.360,67340,N
269.396,67349,)
269.472,67368,(
269.560,67390,t
269.568,67392,t
269.692,67423,)
269.816,67454,(
269.844,67461,p
269.880,67470,)
269.972,67493,(
270.060,67515,N
270.088,67522,N
270.124,67531,)
270.200,67550,(
270.296,67574,t
270.304,67576,t
270.432,67608,)
270.564,67641,(
270.588,67647,p
270.596,67649,)
270.716,67679,(
270.804,67701,N
270.832,67708,N
270.868,67717,)
270.944,67736,(
271.036,67759,t
271.048,67762,t
271.124,67781,)
271.348,67837,(
271.372,67843,p
271.408,67852,)
271.584,67896,(
271.592,67898,N
271.616,67904,N
271.652,67913,)
271.736,67934,(
271.828,67957,t
271.832,67958,t
271.900,67975,)
272.140,68035,(
272.164,68041,p
272.180,68045,)
272.296,68074,(
272.384,68096,N
272.412,68103,N
272.448,68112,)
272.532,68133,(
272.624,68156,t
272.632,68158,t
272.704,68176,)
272.952,68238,(
272.976,68244,p
273.012,68253,)
273.108,68277,(
273.196,68299,N
273.224,68306,N
273.256,68314,)
273.344,68336,(
273.436,68359,t
273.440,68360,t
273.512,68378,)
273.828,68457,(
273.844,68461,p
273.884,68471,p
273.912,68478,)
273.944,68486,(
274.036,68509,N
274.060,68515,N
274.096,68524,)
274.180,68545,(
274.272,68568,t
274.284,68571,t
274.340,68585,)
274.760,68690,(
274.852,68713,N
274.876,68719,N
274.908,68727,)
274.996,68749,(
275.092,68773,t
275.096,68774,t
275.160,68790,)
275.460,68865,(
275.468,68867,p
275.504,68876,)
275.568,68892,(
275.656,68914,N
275.684,68921,N
275.720,68930,)
275.800,68950,(
275.900,68975,t
275.912,68978,t
275.976,68994,)
276.276,69069,(
276.284,69071,p
276.324,69081,p
276.344,69086,)
276.380,69095,(
276.468,69117,N
276.496,69124,N
276.532,69133,)
276.616,69154,(
276.708,69177,t
276.712,69178,t
276.784,69196,)
277.164,69291,(
277.260,69315,N
277.280,69320,N
277.316,69329,)
277.408,69352,(
277.500,69375,t
277.500,69375,t
277.576,69394,)
277.820,69455,(
277.840,69460,p
277.868,69467,)
277.924,69481,(
278.012,69503,N
278.040,69510,N
278.076,69519,)
278.160,69540,(
278.248,69562,t
278.252,69563,t
278.372,69593,)
278.680,69670,(
278.768,69692,N
278.792,69698,N
278.832,69708,)
278.912,69728,(
279.004,69751,t
279.008,69752,t
279.124,69781,)
279.520,69880,(
279.524,69881,N
279.552,69888,N
279.588,69897,)
279.668,69917,(
279.760,69940,t
279.760,69940,t
279.868,69967,)
280.084,70021,(
280.108,70027,p
280.108,70027,)
280.256,70064,(
280.264,70066,N
280.292,70073,N
280.328,70082,)
280.416,70104,(
280.480,70120,t
280.496,70124,t
280.588,70147,)
280.760,70190,(
280.784,70196,p
280.820,70205,)
280.900,70225,(
280.988,70247,N
281.012,70253,N
281.048,70262,)
281.128,70282,(
281.200,70300,t
281.216,70304,t
281.320,70330,)
281.588,70397,(
281.680,70420,N
281.704,70426,N
281.740,70435,)
281.820,70455,(
281.912,70478,t
281.920,70480,t
282.040,70510,)
282.328,70582,(
282.416,70604,N
282.444,70611,N
282.480,70620,)
282.556,70639,(
282.652,70663,t
282.656,70664,t
282.764,70691,)
282.920,70730,(
282.944,70736,p
282.980,70745,)
283.060,70765,(
283.148,70787,N
283.180,70795,N
283.212,70803,)
283.292,70823,(
283.384,70846,t
283.384,70846,t
283.500,70875,)
283.668,70917,(
283.692,70923,p
283.704,70926,p
283.728,70932,)
283.800,70950,(
283.892,70973,N
283.916,70979,N
283.952,70988,)
284.032,71008,(
284.124,71031,t
284.132,71033,t
284.244,71061,)
284.428,71107,(
284.452,71113,p
284.476,71119,)
284.536,71134,(
284.624,71156,N
284.652,71163,N
284.688,71172,)
284.764,71191,(
284.860,71215,t
284.868,71217,t
284.972,71243,)
285.184,71296,(
285.204,71301,p
285.232,71308,)
285.284,71321,(
285.376,71344,N
285.404,71351,N
285.440,71360,)
285.520,71380,(
285.612,71403,t
285.620,71405,t
285.716,71429,)
285.908,71477,(
285.932,71483,p
285.956,71489,)
286.084,71521,(
286.104,71526,N
286.128,71532,N
286.164,71541,)
286.240,71560,(
286.340,71585,t
286.348,71587,t
286.456,71614,)
286.660,71665,(
286.688,71672,p
286.712,71678,)
286.760,71690,(
286.852,71713,N
286.880,71720,N
286.916,71729,)
286.992,71748,(
287.084,71771,t
287.088,71772,t
287.192,71798,)
287.400,71850,(
287.424,71856,p
287.452,71863,)
287.500,71875,(
287.588,71897,N
287.616,71904,N
287.652,71913,)
287.732,71933,(
287.816,71954,t
287.820,71955,t
287.924,71981,)
288.128,72032,(
288.152,72038,p
288.176,72044,)
288.228,72057,(
288.320,72080,N
288.344,72086,N
288.380,72095,)
288.460,72115,(
288.532,72133,t
288.548,72137,t
288.644,72161,)
288.844,72211,(
288.868,72217,p
288.892,72223,)
288.944,72236,(
289.032,72258,N
289.060,72265,N
289.100,72275,)
289.176,72294,(
289.244,72311,t
289.264,72316,t
289.364,72341,)
289.552,72388,(
289.580,72395,p
289.604,72401,)
289.656,72414,(
289.744,72436,N
289.772,72443,N
289.808,72452,)
289.884,72471,(
289.948,72487,t
289.968,72492,t
290.068,72517,)
290.264,72566,(
290.280,72570,p
290.304,72576,)
290.356,72589,(
290.440,72610,N
290.468,72617,N
290.508,72627,)
290.584,72646,(
290.648,72662,t
290.672,72668,t
290.768,72692,)
291.032,72758,(
291.124,72781,N
291.148,72787,N
291.184,72796,)
291.256,72814,(
291.336,72834,t
291.348,72837,t
291.456,72864,)
291.588,72897,(
291.620,72905,p
291.636,72909,)
291.692,72923,(
291.784,72946,N
291.808,72952,N
291.844,72961,)
291.924,72981,(
291.988,72997,t
292.008,73002,t
292.112,73028,)
292.272,73068,(
292.280,73070,p
292.288,73072,p
292.320,73080,)
292.396,73099,(
292.484,73121,N
292.512,73128,N
292.548,73137,)
292.628,73157,(
292.712,73178,t
292.720,73180,t
292.828,73207,t
292.836,73209,t
292.916,73229,)
293.056,73264,(
293.144,73286,N
293.168,73292,N
293.208,73302,)
293.292,73323,(
293.372,73343,t
293.380,73345,t
293.460,73365,)
293.708,73427,(
293.800,73450,N
293.820,73455,N
293.860,73465,)
293.948,73487,(
294.024,73506,t
294.032,73508,t
294.132,73533,)
294.360,73590,(
294.448,73612,N
294.472,73618,N
294.512,73628,)
294.592,73648,(
294.668,73667,t
294.676,73669,t
294.776,73694,)
295.024,73756,(
295.112,73778,N
295.136,73784,N
295.172,73793,)
295.252,73813,(
295.312,73828,t
295.336,73834,t
295.432,73858,)
295.688,73922,(
295.780,73945,N
295.804,73951,N
295.840,73960,)
295.920,73980,(
295.992,73998,t
296.004,74001,t
296.100,74025,)
296.208,74052,(
296.244,74061,p
296.264,74066,)
296.360,74090,(
296.448,74112,N
296.476,74119,N
296.512,74128,)
296.588,74147,(
296.660,74165,t
296.672,74168,t
296.772,74193,)
296.892,74223,(
296.928,74232,p
296.952,74238,)
297.044,74261,(
297.128,74282,N
297.156,74289,N
297.192,74298,)
297.272,74318,(
297.352,74338,t
297.356,74339,t
297.464,74366,)
297.592,74398,(
297.628,74407,p
297.660,74415,)
297.744,74436,(
297.836,74459,N
297.860,74465,N
297.900,74475,)
297.972,74493,(
298.064,74516,t
298.068,74517,t
298.184,74546,)
298.344,74586,(
298.360,74590,p
298.372,74593,p
298.392,74598,)
298.484,74621,(
298.572,74643,N
298.596,74649,N
298.632,74658,)
298.708,74677,(
298.804,74701,t
298.808,74702,t
298.936,74734,)
299.072,74768,(
299.100,74775,p
299.104,74776,)
299.220,74805,(
299.308,74827,N
299.336,74834,N
299.372,74843,)
299.452,74863,(
299.544,74886,t
299.544,74886,t
299.632,74908,)
299.840,74960,(
299.864,74966,p
299.872,74968,)
299.988,74997,(
300.076,75019,N
300.104,75026,N
300.140,75035,)
300.224,75056,(
300.312,75078,t
300.316,75079,t
300.404,75101,)
300.620,75155,(
300.648,75162,p
300.656,75164,)
300.768,75192,(
300.860,75215,N
300.888,75222,N
300.924,75231,)
301.008,75252,(
301.096,75274,t
301.100,75275,t
301.196,75299,)
301.392,75348,(
301.420,75355,p
301.456,75364,)
301.612,75403,(
301.632,75408,N
301.656,75414,N
301.692,75423,)
301.772,75443,(
301.864,75466,t
301.868,75467,t
301.960,75490,)
302.128,75532,(
302.156,75539,p
302.172,75543,p
302.188,75547,)
302.276,75569,(
302.364,75591,N
302.392,75598,N
302.428,75607,)
302.504,75626,(
302.588,75647,t
302.592,75648,t
302.696,75674,)
302.852,75713,(
302.884,75721,p
302.920,75730,)
303.000,75750,(
303.088,75772,N
303.116,75779,N
303.156,75789,)
303.228,75807,(
303.304,75826,t
303.316,75829,t
303.412,75853,)
303.708,75927,(
303.796,75949,N
303.824,75956,N
303.860,75965,)
303.936,75984,(
304.016,76004,t
304.028,76007,t
304.124,76031,)
304.400,76100,(
304.488,76122,N
304.516,76129,N
304.552,76138,)
304.628,76157,(
304.708,76177,t
304.716,76179,t
304.812,76203,)
305.096,76274,(
305.184,76296,N
305.212,76303,N
305.248,76312,)
305.328,76332,(
305.412,76353,t
305.420,76355,t
305.504,76376,)
305.776,76444,(
305.864,76466,N
305.888,76472,N
305.928,76482,)
306.004,76501,(
306.076,76519,t
306.088,76522,t
306.196,76549,)
306.436,76609,(
306.528,76632,N
306.552,76638,N
306.588,76647,)
306.664,76666,(
306.740,76685,t
306.752,76688,t
306.848,76712,)
307.112,76778,(
307.200,76800,N
307.228,76807,N
307.264,76816,)
307.344,76836,(
307.408,76852,t
307.424,76856,t
307.528,76882,)
307.636,76909,(
307.672,76918,p
307.700,76925,)
307.788,76947,(
307.876,76969,N
307.904,76976,N
307.940,76985,)
308.008,77002,(
308.084,77021,t
308.100,77025,t
308.200,77050,)
308.324,77081,(
308.344,77086,p
308.360,77090,p
308.392,77098,)
308.476,77119,(
308.564,77141,N
308.592,77148,N
308.628,77157,)
308.704,77176,(
308.776,77194,t
308.792,77198,t
308.892,77223,)
309.024,77256,(
309.060,77265,p
309.092,77273,)
309.176,77294,(
309.264,77316,N
309.288,77322,N
309.324,77331,)
309.404,77351,(
309.492,77373,t
309.496,77374,t
309.620,77405,)
309.752,77438,(
309.784,77446,p
309.820,77455,)
309.908,77477,(
309.996,77499,N
310.024,77506,N
310.064,77516,)
310.140,77535,(
310.228,77557,t
310.228,77557,t
310.344,77586,)
310.492,77623,(
310.520,77630,p
310.556,77639,)
310.640,77660,(
310.732,77683,N
310.756,77689,N
310.796,77699,)
310.868,77717,(
310.960,77740,t
310.960,77740,t
311.072,77768,)
311.232,77808,(
311.260,77815,p
311.292,77823,)
311.380,77845,(
311.472,77868,N
311.496,77874,N
311.528,77882,)
311.612,77903,(
311.696,77924,t
311.700,77925,t
311.812,77953,)
311.968,77992,(
311.996,77999,p
312.032,78008,)
312.116,78029,(
312.204,78051,N
312.236,78059,N
312.272,78068,)
312.348,78087,(
312.432,78108,t
312.440,78110,t
312.552,78138,)
312.704,78176,(
312.728,78182,p
312.748,78187,p
312.764,78191,)
312.848,78212,(
312.936,78234,N
312.964,78241,N
313.000,78250,)
313.080,78270,(
313.160,78290,t
313.172,78293,t
313.272,78318,)
313.440,78360,(
313.468,78367,p
313.504,78376,)
313.588,78397,(
313.676,78419,N
313.704,78426,N
313.740,78435,)
313.820,78455,(
313.888,78472,t
313.908,78477,t
314.004,78501,)
314.152,78538,(
314.184,78546,p
314.216,78554,)
314.304,78576,(
314.396,78599,N
314.420,78605,N
314.452,78613,)
314.532,78633,(
314.604,78651,t
314.624,78656,t
314.732,78683,)
315.016,78754,(
315.104,78776,N
315.132,78783,N
315.168,78792,)
315.244,78811,(
315.316,78829,t
315.332,78833,t
315.428,78857,)
315.708,78927,(
315.800,78950,N
315.820,78955,N
315.860,78965,)
315.936,78984,(
316.004,79001,t
316.028,79007,t
316.124,79031,)
316.280,79070,(
316.280,79070,p
316.312,79078,)
316.472,79118,(
316.496,79124,N
316.512,79128,N
316.552,79138,)
316.620,79155,(
316.708,79177,t
316.728,79182,)
317.088,79272,(
317.180,79295,N
317.196,79299,N
317.232,79308,)
317.316,79329,(
317.412,79353,t
317.416,79354,t
317.544,79386,)
317.656,79414,(
317.692,79423,p
317.724,79431,)
317.816,79454,(
317.904,79476,N
317.928,79482,N
317.964,79491,)
318.040,79510,(
318.136,79534,t
318.148,79537,t
318.228,79557,)
318.436,79609,(
318.460,79615,p
318.496,79624,)
318.660,79665,(
318.676,79669,N
318.704,79676,N
318.744,79686,)
318.824,79706,(
318.916,79729,t
318.928,79732,t
319.000,79750,)
319.304,79826,(
319.328,79832,p
319.356,79839,p
319.388,79847,)
319.424,79856,(
319.512,79878,N
319.540,79885,N
319.576,79894,)
319.656,79914,(
319.752,79938,t
319.760,79940,t
319.824,79956,)
320.092,80023,(
320.112,80028,p
320.136,80034,p
320.148,80037,)
320.240,80060,(
320.328,80082,N
320.352,80088,N
320.388,80097,)
320.476,80119,(
320.560,80140,t
320.564,80141,t
320.640,80160,)
320.884,80221,(
320.908,80227,p
320.928,80232,p
320.944,80236,)
321.028,80257,(
321.116,80279,N
321.144,80286,N
321.180,80295,)
321.260,80315,(
321.348,80337,t
321.352,80338,t
321.444,80361,)
321.652,80413,(
321.676,80419,p
321.684,80421,)
321.796,80449,(
321.884,80471,N
321.912,80478,N
321.948,80487,)
322.028,80507,(
322.108,80527,t
322.120,80530,t
322.228,80557,)
322.400,80600,(
322.428,80607,p
322.432,80608,)
322.548,80637,(
322.636,80659,N
322.664,80666,N
322.704,80676,)
322.784,80696,(
322.872,80718,t
322.872,80718,t
322.972,80743,)
323.136,80784,(
323.164,80791,p
323.180,80795,p
323.200,80800,)
323.284,80821,(
323.376,80844,N
323.400,80850,N
323.440,80860,)
323.520,80880,(
323.604,80901,t
323.612,80903,t
323.704,80926,)
323.860,80965,(
323.888,80972,p
323.924,80981,)
324.008,81002,(
324.100,81025,N
324.124,81031,N
324.160,81040,)
324.240,81060,(
324.320,81080,t
324.328,81082,t
324.428,81107,)
324.572,81143,(
324.604,81151,p
324.640,81160,)
324.720,81180,(
324.808,81202,N
324.836,81209,N
324.872,81218,)
324.944,81236,(
325.032,81258,t
325.036,81259,t
325.136,81284,)
325.428,81357,(
325.516,81379,N
325.544,81386,N
325.580,81395,)
325.656,81414,(
325.748,81437,t
325.752,81438,t
325.872,81468,)
326.004,81501,(
326.036,81509,p
326.072,81518,)
326.160,81540,(
326.248,81562,N
326.276,81569,N
326.312,81578,)
326.388,81597,(
326.480,81620,t
326.484,81621,t
326.600,81650,)
326.972,81743,(
326.988,81747,N
327.016,81754,N
327.052,81763,)
327.128,81782,(
327.220,81805,t
327.228,81807,t
327.324,81831,)
327.504,81876,(
327.532,81883,p
327.536,81884,)
327.656,81914,(
327.744,81936,N
327.772,81943,N
327.808,81952,)
327.888,81972,(
327.980,81995,t
327.984,81996,t
328.068,82017,)
328.284,82071,(
328.308,82077,p
328.348,82087,)
328.436,82109,(
328.524,82131,N
328.552,82138,N
328.588,82147,)
328.668,82167,(
328.760,82190,t
328.772,82193,t
328.844,82211,)
329.076,82269,(
329.100,82275,p
329.136,82284,)
329.224,82306,(
329.312,82328,N
329.340,82335,N
329.376,82344,)
329.452,82363,(
329.552,82388,t
329.556,82389,t
329.644,82411,)
329.840,82460,(
329.864,82466,p
329.876,82469,)
329.988,82497,(
330.076,82519,N
330.104,82526,N
330.140,82535,)
330.224,82556,(
330.316,82579,t
330.316,82579,t
330.416,82604,)
330.584,82646,(
330.608,82652,p
330.644,82661,)
330.732,82683,(
330.816,82704,N
330.844,82711,N
330.884,82721,)
330.960,82740,(
331.040,82760,t
331.052,82763,t
331.164,82791,)
331.316,82829,(
331.344,82836,p
331.360,82840,p
331.376,82844,)
331.464,82866,(
331.552,82888,N
331.580,82895,N
331.616,82904,)
331.696,82924,(
331.780,82945,t
331.788,82947,t
331.900,82975,)
332.052,83013,(
332.076,83019,p
332.092,83023,p
332.112,83028,)
332.196,83049,(
332.288,83072,N
332.316,83079,N
332.352,83088,)
332.432,83108,(
332.520,83130,t
332.520,83130,t
332.624,83156,)
332.784,83196,(
332.804,83201,p
332.824,83206,p
332.840,83210,)
332.928,83232,(
333.020,83255,N
333.044,83261,N
333.080,83270,)
333.160,83290,(
333.244,83311,t
333.252,83313,t
333.348,83337,)
333.500,83375,(
333.528,83382,p
333.564,83391,)
333.652,83413,(
333.736,83434,N
333.764,83441,N
333.804,83451,)
333.876,83469,(
333.960,83490,t
333.968,83492,t
334.076,83519,)
334.360,83590,(
334.448,83612,N
334.476,83619,N
334.512,83628,)
334.588,83647,(
334.680,83670,t
334.684,83671,t
334.796,83699,)
334.948,83737,(
334.976,83744,p
335.012,83753,)
335.100,83775,(
335.188,83797,N
335.216,83804,N
335.252,83813,)
335.332,83833,(
335.424,83856,t
335.428,83857,t
335.532,83883,)
335.904,83976,(
335.924,83981,N
335.948,83987,N
335.984,83996,)
336.064,84016,(
336.160,84040,t
336.160,84040,t
336.276,84069,)
336.428,84107,(
336.452,84113,p
336.468,84117,p
336.488,84122,)
336.576,84144,(
336.660,84165,N
336.688,84172,N
336.728,84182,)
336.804,84201,(
336.892,84223,t
336.896,84224,t
337.020,84255,)
337.164,84291,(
337.188,84297,p
337.196,84299,)
337.316,84329,(
337.400,84350,N
337.428,84357,N
337.468,84367,)
337.548,84387,(
337.640,84410,t
337.644,84411,t
337.752,84438,)
337.916,84479,(
337.944,84486,p
337.964,84491,p
337.976,84494,)
338.068,84517,(
338.160,84540,N
338.184,84546,N
338.220,84555,)
338.304,84576,(
338.396,84599,t
338.400,84600,t
338.500,84625,)
338.656,84664,(
338.684,84671,p
338.720,84680,)
338.808,84702,(
338.896,84724,N
338.924,84731,N
338.960,84740,)
339.044,84761,(
339.132,84783,t
339.136,84784,t
339.244,84811,)
339.400,84850,(
339.424,84856,p
339.440,84860,p
339.460,84865,)
339.548,84887,(
339.632,84908,N
339.664,84916,N
339.700,84925,)
339.776,84944,(
339.868,84967,t
339.868,84967,t
339.976,84994,)
340.136,85034,(
340.164,85041,p
340.180,85045,p
340.200,85050,)
340.284,85071,(
340.372,85093,N
340.396,85099,N
340.436,85109,)
340.512,85128,(
340.604,85151,t
340.612,85153,t
340.720,85180,)
341.100,85275,(
341.104,85276,N
341.128,85282,N
341.164,85291,)
341.244,85311,(
341.340,85335,t
341.348,85337,t
341.468,85367,)
341.836,85459,(
341.848,85462,N
341.880,85470,N
341.916,85479,)
341.992,85498,(
342.092,85523,t
342.096,85524,t
342.200,85550,)
342.356,85589,(
342.384,85596,p
342.404,85601,p
342.420,85605,)
342.508,85627,(
342.596,85649,N
342.624,85656,N
342.660,85665,)
342.736,85684,(
342.828,85707,t
342.832,85708,t
342.932,85733,)
343.100,85775,(
343.128,85782,p
343.164,85791,)
343.248,85812,(
343.336,85834,N
343.360,85840,N
343.400,85850,)
343.476,85869,(
343.560,85890,t
343.568,85892,t
343.664,85916,)
343.816,85954,(
343.848,85962,p
343.880,85970,)
343.968,85992,(
344.056,86014,N
344.084,86021,N
344.120,86030,)
344.200,86050,(
344.272,86068,t
344.288,86072,t
344.388,86097,)
344.540,86135,(
344.572,86143,p
344.608,86152,)
344.692,86173,(
344.780,86195,N
344.808,86202,N
344.844,86211,)
344.924,86231,(
345.008,86252,t
345.012,86253,t
345.116,86279,)
345.260,86315,(
345.288,86322,p
345.324,86331,)
345.412,86353,(
345.500,86375,N
345.528,86382,N
345.564,86391,)
345.640,86410,(
345.716,86429,t
345.732,86433,t
345.828,86457,)
346.120,86530,(
346.212,86553,N
346.236,86559,N
346.276,86569,)
346.348,86587,(
346.424,86606,t
346.440,86610,t
346.532,86633,)
346.664,86666,(
346.700,86675,p
346.732,86683,)
346.820,86705,(
346.912,86728,N
346.936,86734,N
346.972,86743,)
347.052,86763,(
347.128,86782,t
347.140,86785,t
347.244,86811,)
347.528,86882,(
347.616,86904,N
347.640,86910,N
347.680,86920,)
347.752,86938,(
347.832,86958,t
347.844,86961,t
347.944,86986,)
348.228,87057,(
348.316,87079,N
348.344,87086,N
348.380,87095,)
348.456,87114,(
348.528,87132,t
348.544,87136,t
348.644,87161,)
348.936,87234,(
349.024,87256,N
349.048,87262,N
349.088,87272,)
349.160,87290,(
349.244,87311,t
349.252,87313,t
349.344,87336,)
349.636,87409,(
349.724,87431,N
349.748,87437,N
349.788,87447,)
349.860,87465,(
349.932,87483,t
349.952,87488,t
350.052,87513,)
350.344,87586,(
350.428,87607,N
350.456,87614,N
350.492,87623,)
350.568,87642,(
350.640,87660,t
350.656,87664,t
350.756,87689,)
351.048,87762,(
351.136,87784,N
351.164,87791,N
351.204,87801,)
351.280,87820,(
351.360,87840,t
351.368,87842,t
351.468,87867,)
351.748,87937,(
351.836,87959,N
351.860,87965,N
351.900,87975,)
351.980,87995,(
352.064,88016,t
352.072,88018,t
352.172,88043,)
352.184,88046,(
352.184,88046,t
352.188,88047,p
352.284,88071,)
352.420,88105,(
352.512,88128,N
352.532,88133,N
352.568,88142,)
352.648,88162,(
352.736,88184,t
352.740,88185,t
352.840,88210,)
353.084,88271,(
353.172,88293,N
353.196,88299,N
353.232,88308,)
353.316,88329,(
353.400,88350,t
353.400,88350,t
353.492,88373,)
353.604,88401,(
353.620,88405,p
353.628,88407,p
353.652,88413,)
353.748,88437,(
353.836,88459,N
353.860,88465,N
353.896,88474,)
353.988,88497,(
354.064,88516,t
354.064,88516,t
354.156,88539,)
354.268,88567,(
354.276,88569,p
354.284,88571,p
354.312,88578,)
354.404,88601,(
354.492,88623,N
354.516,88629,N
354.556,88639,)
354.640,88660,(
354.720,88680,t
354.728,88682,t
354.808,88702,)
354.904,88726,(
354.932,88733,p
354.964,88741,)
355.048,88762,(
355.140,88785,N
355.164,88791,N
355.200,88800,)
355.280,88820,(
355.368,88842,t
355.380,88845,t
355.468,88867,)
355.680,88920,(
355.768,88942,N
355.788,88947,N
355.824,88956,)
355.916,88979,(
355.996,88999,t
356.004,89001,t
356.096,89024,)
356.312,89078,(
356.396,89099,N
356.420,89105,N
356.460,89115,)
356.544,89136,(
356.620,89155,t
356.628,89157,t
356.712,89178,)
356.784,89196,(
356.812,89203,p
356.848,89212,)
356.936,89234,(
357.024,89256,N
357.048,89262,N
357.088,89272,)
357.168,89292,(
357.248,89312,t
357.256,89314,t
357.340,89335,)
357.424,89356,(
357.452,89363,p
357.480,89370,)
357.572,89393,(
357.664,89416,N
357.684,89421,N
357.724,89431,)
357.812,89453,(
357.888,89472,t
357.900,89475,t
357.980,89495,)
358.216,89554,(
358.304,89576,N
358.328,89582,N
358.368,89592,)
358.452,89613,(
358.524,89631,t
358.528,89632,t
358.620,89655,)
358.728,89682,(
358.744,89686,p
358.748,89687,p
358.772,89693,)
358.868,89717,(
358.952,89738,N
358.980,89745,N
359.016,89754,)
359.084,89771,(
359.152,89788,t
359.168,89792,t
359.272,89818,)
359.380,89845,(
359.412,89853,p
359.440,89860,)
359.532,89883,(
359.616,89904,N
359.644,89911,N
359.680,89920,)
359.752,89938,(
359.832,89958,t
359.844,89961,t
359.940,89985,)
360.320,90080,(
360.328,90082,N
360.356,90089,N
360.392,90098,)
360.464,90116,(
360.552,90138,t
360.560,90140,t
360.664,90166,)
360.964,90241,(
361.052,90263,N
361.080,90270,N
361.116,90279,)
361.188,90297,(
361.280,90320,t
361.284,90321,t
361.400,90350,)
361.552,90388,(
361.572,90393,p
361.588,90397,p
361.604,90401,)
361.692,90423,(
361.780,90445,N
361.804,90451,N
361.840,90460,)
361.916,90479,(
362.004,90501,t
362.008,90502,t
362.124,90531,)
362.276,90569,(
362.308,90577,p
362.340,90585,)
362.428,90607,(
362.516,90629,N
362.544,90636,N
362.580,90645,)
362.656,90664,(
362.748,90687,t
362.748,90687,t
362.868,90717,)
363.016,90754,(
363.044,90761,p
363.076,90769,)
363.252,90813,(
363.256,90814,N
363.280,90820,N
363.316,90829,)
363.396,90849,(
363.488,90872,t
363.488,90872,t
363.608,90902,)
363.764,90941,(
363.792,90948,p
363.804,90951,p
363.824,90956,)
363.912,90978,(
364.000,91000,N
364.028,91007,N
364.064,91016,)
364.144,91036,(
364.232,91058,t
364.232,91058,t
364.340,91085,)
364.724,91181,(
364.740,91185,N
364.768,91192,N
364.804,91201,)
364.888,91222,(
364.976,91244,t
364.976,91244,t
365.084,91271,)
365.248,91312,(
365.272,91318,p
365.308,91327,)
365.392,91348,(
365.484,91371,N
365.508,91377,N
365.544,91386,)
365.624,91406,(
365.708,91427,t
365.716,91429,t
365.824,91456,)
365.988,91497,(
366.012,91503,p
366.048,91512,)
366.132,91533,(
366.220,91555,N
366.248,91562,N
366.284,91571,)
366.364,91591,(
366.440,91610,t
366.452,91613,t
366.552,91638,)
366.708,91677,(
366.740,91685,p
366.776,91694,)
366.856,91714,(
366.944,91736,N
366.972,91743,N
367.008,91752,)
367.088,91772,(
367.156,91789,t
367.176,91794,t
367.268,91817,)
367.424,91856,(
367.456,91864,p
367.492,91873,)
367.652,91913,(
367.660,91915,N
367.684,91921,N
367.724,91931,)
367.800,91950,(
367.868,91967,t
367.884,91971,t
367.988,91997,)
368.160,92040,(
368.188,92047,p
368.188,92047,)
368.348,92087,(
368.356,92089,N
368.380,92095,N
368.416,92104,)
368.492,92123,(
368.564,92141,t
368.580,92145,t
368.672,92168,)
368.964,92241,(
369.052,92263,N
369.080,92270,N
369.116,92279,)
369.192,92298,(
369.260,92315,t
369.280,92320,t
369.380,92345,)
369.672,92418,(
369.760,92440,N
369.788,92447,N
369.824,92456,)
369.904,92476,(
369.980,92495,t
369.992,92498,t
370.096,92524,)
370.456,92614,(
370.472,92618,N
370.500,92625,N
370.536,92634,)
370.612,92653,(
370.692,92673,t
370.700,92675,t
370.804,92701,)
370.960,92740,(
370.992,92748,p
371.028,92757,)
371.108,92777,(
371.196,92799,N
371.224,92806,N
371.260,92815,)
371.332,92833,(
371.408,92852,t
371.420,92855,t
371.520,92880,)
371.820,92955,(
371.912,92978,N
371.932,92983,N
371.968,92992,)
372.048,93012,(
372.116,93029,t
372.136,93034,t
372.232,93058,)
372.528,93132,(
372.616,93154,N
372.644,93161,N
372.680,93170,)
372.752,93188,(
372.816,93204,t
372.844,93211,t
372.940,93235,)
373.232,93308,(
373.320,93330,N
373.348,93337,N
373.384,93346,)
373.456,93364,(
373.512,93378,t
373.544,93386,t
373.648,93412,)
373.916,93479,(
374.008,93502,N
374.032,93508,N
374.068,93517,)
374.136,93534,(
374.196,93549,t
374.232,93558,t
374.332,93583,)
374.684,93671,(
374.688,93672,N
374.716,93679,N
374.748,93687,)
374.828,93707,(
374.884,93721,t
374.912,93728,t
375.008,93752,)
375.352,93838,(
375.352,93838,N
375.380,93845,N
375.420,93855,)
375.488,93872,(
375.552,93888,t
375.580,93895,t
375.676,93919,)
375.932,93983,(
376.020,94005,N
376.048,94012,N
376.084,94021,)
376.164,94041,(
376.224,94056,t
376.248,94062,t
376.344,94086,)
376.608,94152,(
376.696,94174,N
376.724,94181,N
376.756,94189,)
376.836,94209,(
376.924,94231,t
376.944,94236,t
377.008,94252,)
377.120,94280,(
377.156,94289,p
377.180,94295,)
377.268,94317,(
377.364,94341,N
377.384,94346,N
377.420,94355,)
377.496,94374,(
377.552,94388,t
377.584,94396,t
377.680,94420,)
377.784,94446,(
377.816,94454,p
377.832,94458,p
377.836,94459,)
377.940,94485,(
377.948,94487,N
377.972,94493,N
378.008,94502,)
378.088,94522,(
378.168,94542,t
378.168,94542,t
378.292,94573,)
378.468,94617,(
378.484,94621,p
378.496,94624,p
378.520,94630,)
378.612,94653,(
378.700,94675,N
378.728,94682,N
378.764,94691,)
378.844,94711,(
378.920,94730,t
378.928,94732,t
379.024,94756,)
379.168,94792,(
379.196,94799,p
379.232,94808,)
379.320,94830,(
379.408,94852,N
379.436,94859,N
379.472,94868,)
379.552,94888,(
379.632,94908,t
379.640,94910,t
379.736,94934,)
380.032,95008,(
380.120,95030,N
380.144,95036,N
380.180,95045,)
380.256,95064,(
380.344,95086,t
380.348,95087,t
380.460,95115,)
380.752,95188,(
380.840,95210,N
380.868,95217,N
380.904,95226,)
380.980,95245,(
381.072,95268,t
381.076,95269,t
381.188,95297,)
381.348,95337,(
381.372,95343,p
381.388,95347,p
381.408,95352,)
381.492,95373,(
381.584,95396,N
381.608,95402,N
381.644,95411,)
381.720,95430,(
381.812,95453,t
381.816,95454,t
381.924,95481,)
382.076,95519,(
382.104,95526,p
382.140,95535,)
382.228,95557,(
382.320,95580,N
382.344,95586,N
382.380,95595,)
382.460,95615,(
382.544,95636,t
382.552,95638,t
382.676,95669,)
382.832,95708,(
382.856,95714,p
382.892,95723,)
382.980,95745,(
383.064,95766,N
383.096,95774,N
383.132,95783,)
383.212,95803,(
383.304,95826,t
383.304,95826,t
383.408,95852,)
383.576,95894,(
383.604,95901,p
383.640,95910,)
383.724,95931,(
383.812,95953,N
383.840,95960,N
383.876,95969,)
383.948,95987,(
384.032,96008,t
384.044,96011,t
384.152,96038,)
384.304,96076,(
384.332,96083,p
384.368,96092,)
384.452,96113,(
384.544,96136,N
384.568,96142,N
384.604,96151,)
384.680,96170,(
384.764,96191,t
384.772,96193,t
384.884,96221,)
385.040,96260,(
385.064,96266,p
385.076,96269,p
385.096,96274,)
385.184,96296,(
385.272,96318,N
385.300,96325,N
385.336,96334,)
385.416,96354,(
385.500,96375,t
385.504,96376,t
385.616,96404,)
385.768,96442,(
385.796,96449,p
385.832,96458,)
385.916,96479,(
386.004,96501,N
386.032,96508,N
386.068,96517,)
386.148,96537,(
386.236,96559,t
386.236,96559,t
386.336,96584,)
386.496,96624,(
386.524,96631,p
386.560,96640,)
386.644,96661,(
386.732,96683,N
386.760,96690,N
386.796,96699,)
386.872,96718,(
386.956,96739,t
386.964,96741,t
387.068,96767,)
387.440,96860,(
387.452,96863,N
387.480,96870,N
387.516,96879,)
387.592,96898,(
387.680,96920,t
387.684,96921,t
387.808,96952,)
387.960,96990,(
387.980,96995,p
387.996,96999,p
388.016,97004,)
388.100,97025,(
388.192,97048,N
388.220,97055,N
388.256,97064,)
388.336,97084,(
388.424,97106,t
388.428,97107,t
388.532,97133,)
388.916,97229,(
388.932,97233,N
388.956,97239,N
388.988,97247,)
389.072,97268,(
389.152,97288,t
389.164,97291,t
389.272,97318,)
389.428,97357,(
389.452,97363,p
389.468,97367,p
389.484,97371,)
389.572,97393,(
389.660,97415,N
389.688,97422,N
389.720,97430,)
389.800,97450,(
389.876,97469,t
389.888,97472,t
389.992,97498,)
390.152,97538,(
390.180,97545,p
390.216,97554,)
390.272,97568,(
390.384,97596,N
390.416,97604,N
390.456,97614,)
390.520,97630,(
390.600,97650,t
390.612,97653,t
390.716,97679,)
390.860,97715,(
390.892,97723,p
390.928,97732,)
391.012,97753,(
391.100,97775,N
391.128,97782,N
391.164,97791,)
391.248,97812,(
391.312,97828,t
391.328,97832,t
391.420,97855,)
391.708,97927,(
391.800,97950,N
391.828,97957,N
391.864,97966,)
391.944,97986,(
392.004,98001,t
392.028,98007,t
392.120,98030,)
392.436,98109,(
392.476,98119,N
392.504,98126,N
392.540,98135,)
392.624,98156,(
392.680,98170,t
392.708,98177,t
392.796,98199,)
393.072,98268,(
393.156,98289,N
393.188,98297,N
393.224,98306,)
393.304,98326,(
393.388,98347,t
393.400,98350,t
393.500,98375,t
393.508,98377,t
393.584,98396,)
393.728,98432,(
393.816,98454,N
393.844,98461,N
393.880,98470,)
393.964,98491,(
394.044,98511,t
394.044,98511,t
394.132,98533,)
394.468,98617,(
394.468,98617,N
394.496,98624,N
394.528,98632,)
394.612,98653,(
394.692,98673,t
394.712,98678,t
394.800,98700,)
394.908,98727,(
394.948,98737,p
395.000,98750,)
395.020,98755,(
395.112,98778,N
395.140,98785,N
395.176,98794,)
395.260,98815,(
395.340,98835,t
395.360,98840,t
395.432,98858,)
395.564,98891,(
395.600,98900,p
395.652,98913,)
395.676,98919,(
395.764,98941,N
395.792,98948,N
395.828,98957,)
395.904,98976,(
395.948,98987,t
395.988,98997,t
396.080,99020,)
396.196,99049,(
396.204,99051,p
396.212,99053,p
396.240,99060,)
396.328,99082,(
396.416,99104,N
396.444,99111,N
396.476,99119,)
396.552,99138,(
396.608,99152,t
396.636,99159,t
396.732,99183,)
397.072,99268,(
397.088,99272,N
397.112,99278,N
397.148,99287,)
397.224,99306,(
397.308,99327,t
397.312,99328,t
397.412,99353,)
397.544,99386,(
397.576,99394,p
397.604,99401,)
397.696,99424,(
397.784,99446,N
397.816,99454,N
397.848,99462,)
397.920,99480,(
398.016,99504,t
398.032,99508,t
398.168,99542,)
398.432,99608,(
398.520,99630,N
398.552,99638,N
398.584,99646,)
398.660,99665,(
398.752,99688,t
398.772,99693,t
398.836,99709,)
399.048,99762,(
399.076,99769,p
399.112,99778,)
399.280,99820,(
399.288,99822,N
399.320,99830,N
399.352,99838,)
399.432,99858,(
399.524,99881,t
399.536,99884,t
399.608,99902,)
399.868,99967,(
399.892,99973,p
399.928,99982,)
400.096,100024,(
400.108,100027,N
400.136,100034,N
400.172,100043,)
400.248,100062,(
400.340,100085,t
400.352,100088,t
400.416,100104,)
400.712,100178,(
400.732,100183,p
400.768,100192,p
400.796,100199,)
400.828,100207,(
400.916,100229,N
400.948,100237,N
400.984,100246,)
401.064,100266,(
401.156,100289,t
401.172,100293,t
401.236,100309,)
401.476,100369,(
401.504,100376,p
401.524,100381,p
401.540,100385,)
401.624,100406,(
401.712,100428,N
401.744,100436,N
401.776,100444,)
401.868,100467,(
401.944,100486,t
401.952,100488,t
402.036,100509,)
402.252,100563,(
402.280,100570,p
402.304,100576,p
402.316,100579,)
402.400,100600,(
402.488,100622,N
402.516,100629,N
402.552,100638,)
402.636,100659,(
402.720,100680,t
402.736,100684,t
402.812,100703,)
402.992,100748,(
403.020,100755,p
403.052,100763,)
403.136,100784,(
403.224,100806,N
403.252,100813,N
403.288,100822,)
403.364,100841,(
403.452,100863,t
403.460,100865,t
403.564,100891,)
403.724,100931,(
403.748,100937,p
403.772,100943,p
403.784,100946,)
403.864,100966,(
403.952,100988,N
403.984,100996,N
404.020,101005,)
404.104,101026,(
404.188,101047,t
404.188,101047,t
404.288,101072,)
404.444,101111,(
404.472,101118,p
404.508,101127,)
404.592,101148,(
404.680,101170,N
404.708,101177,N
404.748,101187,)
404.828,101207,(
404.888,101222,t
404.912,101228,t
405.004,101251,)
405.156,101289,(
405.188,101297,p
405.224,101306,)
405.384,101346,(
405.392,101348,N
405.420,101355,N
405.456,101364,)
405.532,101383,(
405.600,101400,t
405.620,101405,t
405.708,101427,)
406.092,101523,(
406.092,101523,N
406.116,101529,N
406.152,101538,)
406.228,101557,(
406.304,101576,t
406.320,101580,t
406.412,101603,)
406.704,101676,(
406.792,101698,N
406.820,101705,N
406.856,101714,)
406.932,101733,(
407.004,101751,t
407.020,101755,t
407.116,101779,)
407.404,101851,(
407.492,101873,N
407.524,101881,N
407.556,101889,)
407.636,101909,(
407.700,101925,t
407.720,101930,t
407.816,101954,)
408.092,102023,(
408.184,102046,N
408.208,102052,N
408.244,102061,)
408.324,102081,(
408.380,102095,t
408.420,102105,t
408.496,102124,)
408.644,102161,(
408.680,102170,p
408.708,102177,)
408.792,102198,(
408.880,102220,N
408.908,102227,N
408.944,102236,)
409.036,102259,(
409.072,102268,t
409.116,102279,t
409.196,102299,)
409.476,102369,(
409.564,102391,N
409.588,102397,N
409.624,102406,)
409.728,102432,(
409.760,102440,t
409.792,102448,t
409.864,102466,)
410.004,102501,(
410.040,102510,p
410.072,102518,)
410.152,102538,(
410.220,102555,N
410.244,102561,N
410.300,102575,)
410.384,102596,(
410.440,102610,t
410.476,102619,t
410.564,102641,)
410.732,102683,(
410.740,102685,p
410.776,102694,)
410.944,102736,(
410.944,102736,N
410.972,102743,N
411.012,102753,)
411.088,102772,(
411.152,102788,t
411.180,102795,t
411.312,102828,t
411.312,102828,)
411.404,102851,(
411.440,102860,p
411.460,102865,)
411.556,102889,(
411.644,102911,N
411.672,102918,N
411.708,102927,)
411.788,102947,(
411.852,102963,t
411.880,102970,t
411.972,102993,)
412.264,103066,(
412.356,103089,N
412.376,103094,N
412.412,103103,)
412.496,103124,(
412.556,103139,t
412.584,103146,t
412.680,103170,)
412.964,103241,(
413.052,103263,N
413.076,103269,N
413.112,103278,)
413.192,103298,(
413.264,103316,t
413.288,103322,t
413.400,103350,)
413.680,103420,(
413.772,103443,N
413.800,103450,N
413.836,103459,)
413.920,103480,(
413.992,103498,t
414.008,103502,t
414.108,103527,)
414.264,103566,(
414.288,103572,p
414.324,103581,)
414.412,103603,(
414.504,103626,N
414.528,103632,N
414.564,103641,)
414.648,103662,(
414.728,103682,t
414.736,103684,t
414.844,103711,)
414.992,103748,(
415.016,103754,p
415.028,103757,p
415.048,103762,)
415.136,103784,(
415.224,103806,N
415.248,103812,N
415.284,103821,)
415.384,103846,(
415.456,103864,t
415.460,103865,t
415.568,103892,)
415.948,103987,(
415.956,103989,N
415.984,103996,N
416.020,104005,)
416.104,104026,(
416.184,104046,t
416.192,104048,t
416.280,104070,)
416.452,104113,(
416.480,104120,p
416.520,104130,)
416.600,104150,(
416.692,104173,N
416.720,104180,N
416.752,104188,)
416.840,104210,(
416.928,104232,t
416.928,104232,t
417.028,104257,)
417.336,104334,(
417.428,104357,N
417.448,104362,N
417.484,104371,)
417.580,104395,(
417.656,104414,t
417.672,104418,t
417.772,104443,t
417.772,104443,t
417.808,104452,)
417.920,104480,(
417.948,104487,p
417.980,104495,)
418.140,104535,(
418.156,104539,N
418.184,104546,N
418.220,104555,)
418.300,104575,(
418.380,104595,t
418.392,104598,t
418.504,104626,)
418.644,104661,(
418.656,104664,p
418.676,104669,p
418.680,104670,)
418.796,104699,(
418.880,104720,N
418.908,104727,N
418.944,104736,)
419.024,104756,(
419.104,104776,t
419.116,104779,t
419.212,104803,)
419.600,104900,(
419.616,104904,N
419.640,104910,N
419.676,104919,)
419.764,104941,(
419.840,104960,t
419.848,104962,t
419.972,104993,)
420.316,105079,(
420.340,105085,N
420.364,105091,N
420.400,105100,)
420.488,105122,(
420.564,105141,t
420.580,105145,t
420.684,105171,)
420.828,105207,(
420.860,105215,p
420.900,105225,)
420.980,105245,(
421.072,105268,N
421.096,105274,N
421.140,105285,)
421.204,105301,(
421.300,105325,t
421.308,105327,t
421.408,105352,)
421.608,105402,(
421.632,105408,p
421.632,105408,)
421.780,105445,(
421.800,105450,N
421.824,105456,N
421.864,105466,)
421.944,105486,(
422.020,105505,t
422.032,105508,t
422.124,105531,)
422.280,105570,(
422.296,105574,p
422.312,105578,p
422.328,105582,)
422.432,105608,(
422.524,105631,N
422.548,105637,N
422.580,105645,)
422.672,105668,(
422.744,105686,t
422.756,105689,t
422.864,105716,)
423.012,105753,(
423.032,105758,p
423.040,105760,p
423.052,105763,)
423.160,105790,(
423.248,105812,N
423.276,105819,N
423.316,105829,)
423.400,105850,(
423.476,105869,t
423.484,105871,t
423.596,105899,)
423.736,105934,(
423.764,105941,p
423.800,105950,)
423.888,105972,(
423.976,105994,N
424.000,106000,N
424.036,106009,)
424.120,106030,(
424.208,106052,t
424.212,106053,t
424.328,106082,)
424.460,106115,(
424.492,106123,p
424.528,106132,)
424.684,106171,(
424.700,106175,N
424.724,106181,N
424.760,106190,)
424.852,106213,(
424.936,106234,t
424.940,106235,t
425.052,106263,)
425.180,106295,(
425.212,106303,p
425.248,106312,)
425.404,106351,(
425.424,106356,N
425.448,106362,N
425.480,106370,)
425.572,106393,(
425.656,106414,t
425.664,106416,t
425.772,106443,)
425.912,106478,(
425.944,106486,p
425.984,106496,)
426.140,106535,(
426.156,106539,N
426.184,106546,N
426.220,106555,)
426.300,106575,(
426.392,106598,t
426.396,106599,t
426.500,106625,)
426.660,106665,(
426.684,106671,p
426.696,106674,p
426.708,106677,)
426.808,106702,(
426.896,106724,N
426.924,106731,N
426.960,106740,)
427.044,106761,(
427.132,106783,t
427.136,106784,t
427.248,106812,)
427.424,106856,(
427.452,106863,p
427.492,106873,)
427.644,106911,(
427.668,106917,N
427.692,106923,N
427.728,106932,)
427.820,106955,(
427.900,106975,t
427.904,106976,t
427.980,106995,)
428.188,107047,(
428.212,107053,p
428.256,107064,)
428.336,107084,(
428.428,107107,N
428.452,107113,N
428.488,107122,)
428.576,107144,(
428.664,107166,t
428.668,107167,t
428.748,107187,)
428.956,107239,(
428.984,107246,p
428.992,107248,)
429.108,107277,(
429.200,107300,N
429.224,107306,N
429.260,107315,)
429.348,107337,(
429.444,107361,t
429.448,107362,t
429.528,107382,)
429.744,107436,(
429.772,107443,p
429.780,107445,)
429.900,107475,(
429.988,107497,N
430.012,107503,N
430.044,107511,)
430.132,107533,(
430.232,107558,t
430.232,107558,t
430.316,107579,)
430.664,107666,(
430.752,107688,N
430.776,107694,N
430.816,107704,)
430.900,107725,(
430.992,107748,t
430.992,107748,t
431.076,107769,)
431.276,107819,(
431.300,107825,p
431.308,107827,)
431.420,107855,(
431.512,107878,N
431.536,107884,N
431.572,107893,)
431.664,107916,(
431.744,107936,t
431.752,107938,t
431.852,107963,)
432.032,108008,(
432.064,108016,p
432.096,108024,)
432.184,108046,(
432.272,108068,N
432.300,108075,N
432.336,108084,)
432.424,108106,(
432.500,108125,t
432.516,108129,t
432.608,108152,)
432.780,108195,(
432.808,108202,p
432.848,108212,)
432.928,108232,(
433.016,108254,N
433.040,108260,N
433.080,108270,)
433.164,108291,(
433.240,108310,t
433.252,108313,t
433.348,108337,)
433.640,108410,(
433.736,108434,N
433.760,108440,N
433.796,108449,)
433.876,108469,(
433.948,108487,t
433.972,108493,t
434.068,108517,)
434.208,108552,(
434.240,108560,p
434.276,108569,)
434.360,108590,(
434.448,108612,N
434.476,108619,N
434.508,108627,)
434.592,108648,(
434.660,108665,t
434.684,108671,t
434.776,108694,)
435.064,108766,(
435.152,108788,N
435.176,108794,N
435.212,108803,)
435.296,108824,(
435.368,108842,t
435.388,108847,t
435.468,108867,)
435.768,108942,(
435.856,108964,N
435.880,108970,N
435.920,108980,)
435.996,108999,(
436.064,109016,t
436.084,109021,t
436.208,109052,)
436.304,109076,(
436.344,109086,p
436.368,109092,)
436.460,109115,(
436.552,109138,N
436.576,109144,N
436.608,109152,)
436.688,109172,(
436.760,109190,t
436.788,109197,t
436.916,109229,t
436.944,109236,t
437.012,109253,)
437.160,109290,(
437.244,109311,N
437.272,109318,N
437.308,109327,)
437.384,109346,(
437.464,109366,t
437.476,109369,t
437.568,109392,)
437.696,109424,(
437.708,109427,p
437.732,109433,p
437.768,109442,)
437.848,109462,(
437.936,109484,N
437.960,109490,N
438.000,109500,)
438.080,109520,(
438.160,109540,t
438.172,109543,t
438.284,109571,)
438.444,109611,(
438.448,109612,p
438.488,109622,)
438.664,109666,(
438.664,109666,N
438.688,109672,N
438.724,109681,)
438.808,109702,(
438.900,109725,t
438.900,109725,t
439.068,109767,t
439.068,109767,)
439.156,109789,(
439.164,109791,p
439.180,109795,p
439.208,109802,)
439.308,109827,(
439.392,109848,N
439.420,109855,N
439.448,109862,)
439.532,109883,(
439.620,109905,t
439.628,109907,t
439.736,109934,)
439.896,109974,(
439.920,109980,p
439.932,109983,p
439.956,109989,)
440.040,110010,(
440.128,110032,N
440.152,110038,N
440.188,110047,)
440.264,110066,(
440.356,110089,t
440.360,110090,t
440.468,110117,)
440.616,110154,(
440.644,110161,p
440.684,110171,)
440.840,110210,(
440.856,110214,N
440.880,110220,N
440.916,110229,)
441.004,110251,(
441.092,110273,t
441.092,110273,t
441.204,110301,)
441.352,110338,(
441.380,110345,p
441.412,110353,)
441.580,110395,(
441.596,110399,N
441.616,110404,N
441.652,110413,)
441.740,110435,(
441.832,110458,t
441.832,110458,t
441.932,110483,)
442.092,110523,(
442.124,110531,p
442.160,110540,)
442.248,110562,(
442.336,110584,N
442.360,110590,N
442.400,110600,)
442.492,110623,(
442.568,110642,t
442.572,110643,t
442.668,110667,)
442.872,110718,(
442.888,110722,p
442.932,110733,)
442.988,110747,(
443.076,110769,N
443.104,110776,N
443.140,110785,)
443.220,110805,(
443.308,110827,t
443.312,110828,t
443.424,110856,)
443.564,110891,(
443.592,110898,p
443.600,110900,p
443.616,110904,)
443.708,110927,(
443.804,110951,N
443.824,110956,N
443.860,110965,)
443.952,110988,(
444.016,111004,t
444.036,111009,t
444.132,111033,)
444.288,111072,(
444.320,111080,p
444.356,111089,)
444.440,111110,(
444.528,111132,N
444.556,111139,N
444.592,111148,)
444.672,111168,(
444.740,111185,t
444.760,111190,t
444.860,111215,)
445.004,111251,(
445.036,111259,p
445.072,111268,)
445.156,111289,(
445.244,111311,N
445.272,111318,N
445.308,111327,)
445.384,111346,(
445.456,111364,t
445.472,111368,t
445.568,111392,)
445.856,111464,(
445.952,111488,N
445.972,111493,N
446.008,111502,)
446.084,111521,(
446.160,111540,t
446.176,111544,t
446.272,111568,)
446.556,111639,(
446.644,111661,N
446.672,111668,N
446.708,111677,)
446.780,111695,(
446.844,111711,t
446.868,111717,t
446.968,111742,)
447.244,111811,(
447.332,111833,N
447.360,111840,N
447.396,111849,)
447.468,111867,(
447.532,111883,t
447.556,111889,t
447.652,111913,)
447.780,111945,(
447.788,111947,p
447.800,111950,)
447.936,111984,(
448.028,112007,N
448.052,112013,N
448.084,112021,)
448.164,112041,(
448.236,112059,t
448.252,112063,t
448.352,112088,)
448.484,112121,(
448.492,112123,p
448.520,112130,p
448.548,112137,)
448.636,112159,(
448.724,112181,N
448.752,112188,N
448.788,112197,)
448.864,112216,(
448.932,112233,t
448.952,112238,t
449.052,112263,)
449.336,112334,(
449.424,112356,N
449.452,112363,N
449.488,112372,)
449.560,112390,(
449.624,112406,t
449.644,112411,t
449.744,112436,)
449.904,112476,(
449.904,112476,p
449.936,112484,)
450.096,112524,(
450.112,112528,N
450.132,112533,N
450.168,112542,)
450.244,112561,(
450.312,112578,t
450.332,112583,t
450.424,112606,)
450.548,112637,(
450.588,112647,p
450.612,112653,)
450.704,112676,(
450.792,112698,N
450.816,112704,N
450.852,112713,)
450.928,112732,(
451.004,112751,t
451.016,112754,t
451.112,112778,)
451.224,112806,(
451.264,112816,p
451.288,112822,)
451.380,112845,(
451.468,112867,N
451.492,112873,N
451.532,112883,)
451.608,112902,(
451.696,112924,t
451.696,112924,t
451.792,112948,)
452.052,113013,(
452.140,113035,N
452.168,113042,N
452.204,113051,)
452.276,113069,(
452.364,113091,t
452.372,113093,t
452.460,113115,)
452.716,113179,(
452.808,113202,N
452.832,113208,N
452.868,113217,)
452.948,113237,(
453.032,113258,t
453.036,113259,t
453.124,113281,)
453.372,113343,(
453.464,113366,N
453.484,113371,N
453.520,113380,)
453.600,113400,(
453.680,113420,t
453.688,113422,t
453.780,113445,)
453.904,113476,(
453.912,113478,p
453.924,113481,p
453.948,113487,)
454.040,113510,(
454.124,113531,N
454.152,113538,N
454.188,113547,)
454.260,113565,(
454.328,113582,t
454.348,113587,t
454.452,113613,)
454.556,113639,(
454.580,113645,p
454.592,113648,p
454.616,113654,)
454.708,113677,(
454.796,113699,N
454.824,113706,N
454.860,113715,)
454.932,113733,(
455.004,113751,t
455.020,113755,t
455.120,113780,)
455.244,113811,(
455.260,113815,p
455.280,113820,p
455.308,113827,)
455.396,113849,(
455.488,113872,N
455.512,113878,N
455.548,113887,)
455.624,113906,(
455.688,113922,t
455.708,113927,t
455.804,113951,)
455.932,113983,(
455.944,113986,p
455.968,113992,p
455.996,113999,)
456.084,114021,(
456.172,114043,N
456.196,114049,N
456.236,114059,)
456.304,114076,(
456.376,114094,t
456.396,114099,t
456.496,114124,)
456.792,114198,(
456.880,114220,N
456.904,114226,N
456.944,114236,)
457.016,114254,(
457.096,114274,t
457.104,114276,t
457.208,114302,)
457.504,114376,(
457.596,114399,N
457.624,114406,N
457.660,114415,)
457.736,114434,(
457.812,114453,t
457.824,114456,t
457.920,114480,)
458.216,114554,(
458.308,114577,N
458.332,114583,N
458.368,114592,)
458.444,114611,(
458.520,114630,t
458.532,114633,t
458.628,114657,)
458.924,114731,(
459.012,114753,N
459.040,114760,N
459.080,114770,)
459.148,114787,(
459.224,114806,t
459.236,114809,t
459.336,114834,)
459.624,114906,(
459.716,114929,N
459.740,114935,N
459.776,114944,)
459.848,114962,(
459.928,114982,t
459.940,114985,t
460.040,115010,)
460.328,115082,(
460.416,115104,N
460.444,115111,N
460.480,115120,)
460.552,115138,(
460.628,115157,t
460.640,115160,t
460.740,115185,)
460.868,115217,(
460.880,115220,p
460.904,115226,p
460.936,115234,)
461.024,115256,(
461.116,115279,N
461.136,115284,N
461.172,115293,)
461.252,115313,(
461.324,115331,t
461.340,115335,t
461.436,115359,)
461.724,115431,(
461.812,115453,N
461.840,115460,N
461.876,115469,)
461.948,115487,(
462.020,115505,t
462.036,115509,t
462.140,115535,)
462.412,115603,(
462.500,115625,N
462.524,115631,N
462.560,115640,)
462.636,115659,(
462.704,115676,t
462.724,115681,t
462.824,115706,)
463.096,115774,(
463.188,115797,N
463.212,115803,N
463.248,115812,)
463.320,115830,(
463.396,115849,t
463.408,115852,t
463.504,115876,)
463.624,115906,(
463.660,115915,p
463.688,115922,)
463.776,115944,(
463.868,115967,N
463.892,115973,N
463.928,115982,)
463.996,115999,(
464.072,116018,t
464.088,116022,t
464.184,116046,)
464.320,116080,(
464.328,116082,p
464.352,116088,p
464.380,116095,)
464.468,116117,(
464.560,116140,N
464.588,116147,N
464.624,116156,)
464.692,116173,(
464.768,116192,t
464.784,116196,t
464.884,116221,)
465.156,116289,(
465.244,116311,N
465.272,116318,N
465.308,116327,)
465.376,116344,(
465.452,116363,t
465.468,116367,t
465.572,116393,)
465.848,116462,(
465.940,116485,N
465.964,116491,N
466.000,116500,)
466.072,116518,(
466.152,116538,t
466.160,116540,t
466.260,116565,)
466.388,116597,(
466.424,116606,p
466.452,116613,)
466.540,116635,(
466.632,116658,N
466.656,116664,N
466.692,116673,)
466.768,116692,(
466.844,116711,t
466.860,116715,t
466.960,116740,)
467.252,116813,(
467.340,116835,N
467.372,116843,N
467.408,116852,)
467.480,116870,(
467.556,116889,t
467.572,116893,t
467.668,116917,)
467.964,116991,(
468.052,117013,N
468.080,117020,N
468.116,117029,)
468.192,117048,(
468.272,117068,t
468.280,117070,t
468.376,117094,)
468.676,117169,(
468.768,117192,N
468.792,117198,N
468.828,117207,)
468.908,117227,(
468.992,117248,t
468.996,117249,t
469.100,117275,)
469.404,117351,(
469.492,117373,N
469.520,117380,N
469.556,117389,)
469.628,117407,(
469.716,117429,t
469.720,117430,t
469.840,117460,)
469.980,117495,(
470.008,117502,p
470.044,117511,)
470.132,117533,(
470.220,117555,N
470.252,117563,N
470.288,117572,)
470.364,117591,(
470.452,117613,t
470.456,117614,t
470.584,117646,)
470.720,117680,(
470.748,117687,p
470.784,117696,)
470.872,117718,(
470.964,117741,N
470.992,117748,N
471.024,117756,)
471.108,117777,(
471.196,117799,t
471.196,117799,t
471.304,117826,)
471.472,117868,(
471.500,117875,p
471.532,117883,)
471.620,117905,(
471.712,117928,N
471.740,117935,N
471.776,117944,)
471.856,117964,(
471.936,117984,t
471.940,117985,t
472.040,118010,)
472.200,118050,(
472.224,118056,p
472.244,118061,p
472.260,118065,)
472.348,118087,(
472.436,118109,N
472.464,118116,N
472.500,118125,)
472.580,118145,(
472.656,118164,t
472.664,118166,t
472.764,118191,)
472.912,118228,(
472.940,118235,p
472.976,118244,)
473.064,118266,(
473.152,118288,N
473.180,118295,N
473.216,118304,)
473.288,118322,(
473.368,118342,t
473.380,118345,t
473.484,118371,)
473.632,118408,(
473.664,118416,p
473.696,118424,)
473.784,118446,(
473.872,118468,N
473.900,118475,N
473.936,118484,)
474.012,118503,(
474.092,118523,t
474.100,118525,t
474.200,118550,)
474.344,118586,(
474.376,118594,p
474.412,118603,)
474.496,118624,(
474.588,118647,N
474.612,118653,N
474.648,118662,)
474.716,118679,(
474.804,118701,t
474.820,118705,N
474.924,118731,)
475.200,118800,(
475.292,118823,N
475.316,118829,N
475.352,118838,)
475.428,118857,(
475.516,118879,t
475.520,118880,t
475.620,118905,)
475.920,118980,(
476.008,119002,N
476.040,119010,N
476.076,119019,)
476.152,119038,(
476.236,119059,t
476.240,119060,t
476.344,119086,)
476.640,119160,(
476.732,119183,N
476.756,119189,N
476.796,119199,)
476.872,119218,(
476.952,119238,t
476.960,119240,t
477.056,119264,)
477.348,119337,(
477.436,119359,N
477.464,119366,N
477.500,119375,)
477.576,119394,(
477.656,119414,t
477.664,119416,t
477.760,119440,)
478.060,119515,(
478.148,119537,N
478.180,119545,N
478.216,119554,)
478.288,119572,(
478.372,119593,t
478.380,119595,t
478.480,119620,)
478.776,119694,(
478.864,119716,N
478.888,119722,N
478.928,119732,)
479.000,119750,(
479.084,119771,t
479.092,119773,t
479.192,119798,)
479.492,119873,(
479.584,119896,N
479.608,119902,N
479.648,119912,)
479.724,119931,(
479.808,119952,t
479.816,119954,t
479.916,119979,)
480.216,120054,(
480.304,120076,N
480.332,120083,N
480.368,120092,)
480.444,120111,(
480.528,120132,t
480.536,120134,t
480.640,120160,)
480.788,120197,(
480.820,120205,p
480.852,120213,)
480.940,120235,(
481.028,120257,N
481.060,120265,N
481.092,120273,)
481.168,120292,(
481.256,120314,t
481.260,120315,t
481.364,120341,)
481.516,120379,(
481.548,120387,p
481.580,120395,)
481.668,120417,(
481.756,120439,N
481.784,120446,N
481.820,120455,)
481.896,120474,(
481.984,120496,t
481.988,120497,t
482.096,120524,)
482.236,120559,(
482.268,120567,p
482.300,120575,)
482.388,120597,(
482.480,120620,N
482.508,120627,N
482.544,120636,)
482.616,120654,(
482.712,120678,t
482.716,120679,t
482.828,120707,)
482.984,120746,(
483.004,120751,p
483.020,120755,p
483.040,120760,)
483.128,120782,(
483.216,120804,N
483.244,120811,N
483.284,120821,)
483.360,120840,(
483.444,120861,t
483.448,120862,t
483.548,120887,)
483.700,120925,(
483.732,120933,p
483.768,120942,)
483.852,120963,(
483.944,120986,N
483.968,120992,N
484.004,121001,)
484.088,121022,(
484.172,121043,t
484.172,121043,t
484.272,121068,)
484.416,121104,(
484.448,121112,p
484.484,121121,)
484.572,121143,(
484.660,121165,N
484.684,121171,N
484.720,121180,)
484.800,121200,(
484.888,121222,t
484.888,121222,t
484.996,121249,)
485.140,121285,(
485.172,121293,p
485.208,121302,)
485.296,121324,(
485.384,121346,N
485.416,121354,N
485.452,121363,)
485.528,121382,(
485.620,121405,t
485.620,121405,t
485.728,121432,)
485.884,121471,(
485.904,121476,p
485.920,121480,p
485.940,121485,)
486.028,121507,(
486.116,121529,N
486.148,121537,N
486.184,121546,)
486.256,121564,(
486.348,121587,t
486.348,121587,t
486.448,121612,)
486.604,121651,(
486.632,121658,p
486.668,121667,)
486.752,121688,(
486.844,121711,N
486.872,121718,N
486.908,121727,)
486.984,121746,(
487.060,121765,t
487.076,121769,t
487.172,121793,)
487.320,121830,(
487.352,121838,p
487.388,121847,)
487.476,121869,(
487.564,121891,N
487.588,121897,N
487.628,121907,)
487.700,121925,(
487.784,121946,t
487.792,121948,t
487.892,121973,)
488.188,122047,(
488.276,122069,N
488.304,122076,N
488.340,122085,)
488.416,122104,(
488.500,122125,t
488.504,122126,t
488.608,122152,)
488.908,122227,(
489.000,122250,N
489.028,122257,N
489.064,122266,)
489.140,122285,(
489.228,122307,t
489.228,122307,t
489.328,122332,)
489.624,122406,(
489.716,122429,N
489.740,122435,N
489.776,122444,)
489.856,122464,(
489.936,122484,t
489.944,122486,t
490.044,122511,)
490.340,122585,(
490.428,122607,N
490.456,122614,N
490.496,122624,)
490.568,122642,(
490.652,122663,t
490.660,122665,t
490.756,122689,)
491.052,122763,(
491.140,122785,N
491.168,122792,N
491.204,122801,)
491.276,122819,(
491.364,122841,t
491.368,122842,t
491.472,122868,)
491.768,122942,(
491.860,122965,N
491.888,122972,N
491.924,122981,)
492.000,123000,(
492.092,123023,t
492.096,123024,t
492.208,123052,)
492.496,123124,(
492.588,123147,N
492.612,123153,N
492.648,123162,)
492.728,123182,(
492.816,123204,t
492.820,123205,t
492.924,123231,)
493.084,123271,(
493.104,123276,p
493.120,123280,p
493.140,123285,)
493.232,123308,(
493.316,123329,N
493.348,123337,N
493.384,123346,)
493.456,123364,(
493.552,123388,t
493.556,123389,t
493.664,123416,)
493.816,123454,(
493.836,123459,p
493.852,123463,p
493.872,123468,)
493.960,123490,(
494.048,123512,N
494.076,123519,N
494.112,123528,)
494.188,123547,(
494.276,123569,t
494.276,123569,t
494.392,123598,)
494.540,123635,(
494.568,123642,p
494.604,123651,)
494.764,123691,(
494.784,123696,N
494.808,123702,N
494.844,123711,)
494.924,123731,(
495.016,123754,t
495.016,123754,t
495.120,123780,)
495.276,123819,(
495.300,123825,p
495.312,123828,p
495.328,123832,)
495.424,123856,(
495.512,123878,N
495.540,123885,N
495.576,123894,)
495.656,123914,(
495.744,123936,t
495.744,123936,t
495.856,123964,)
496.012,124003,(
496.032,124008,p
496.048,124012,p
496.068,124017,)
496.156,124039,(
496.244,124061,N
496.272,124068,N
496.308,124077,)
496.384,124096,(
496.476,124119,t
496.484,124121,t
496.596,124149,)
496.968,124242,(
496.984,124246,N
497.012,124253,N
497.048,124262,)
497.124,124281,(
497.216,124304,t
497.220,124305,t
497.332,124333,)
497.484,124371,(
497.512,124378,p
497.548,124387,)
497.640,124410,(
497.728,124432,N
497.752,124438,N
497.788,124447,)
497.872,124468,(
497.968,124492,t
497.968,124492,t
498.088,124522,)
498.240,124560,(
498.268,124567,p
498.272,124568,)
498.392,124598,(
498.480,124620,N
498.508,124627,N
498.544,124636,)
498.620,124655,(
498.716,124679,t
498.724,124681,t
498.844,124711,)
498.996,124749,(
499.020,124755,p
499.056,124764,)
499.148,124787,(
499.236,124809,N
499.264,124816,N
499.300,124825,)
499.380,124845,(
499.472,124868,t
499.476,124869,t
499.584,124896,)
499.752,124938,(
499.780,124945,p
499.816,124954,)
499.904,124976,(
499.992,124998,N
500.020,125005,N
500.056,125014,)
500.132,125033,(
500.224,125056,t
500.232,125058,t
500.332,125083,)
500.492,125123,(
500.516,125129,p
500.552,125138,)
500.640,125160,(
500.732,125183,N
500.756,125189,N
500.788,125197,)
500.876,125219,(
500.964,125241,t
500.968,125242,t
501.076,125269,)
501.240,125310,(
501.264,125316,p
501.280,125320,p
501.300,125325,)
501.388,125347,(
501.476,125369,N
501.508,125377,N
501.544,125386,)
501.624,125406,(
501.712,125428,t
501.720,125430,t
501.816,125454,)
501.984,125496,(
502.012,125503,p
502.048,125512,)
502.136,125534,(
502.224,125556,N
502.252,125563,N
502.288,125572,)
502.364,125591,(
502.444,125611,t
502.452,125613,t
502.548,125637,)
502.704,125676,(
502.732,125683,p
502.768,125692,)
502.856,125714,(
502.948,125737,N
502.972,125743,N
503.008,125752,)
503.084,125771,(
503.164,125791,t
503.176,125794,t
503.304,125826,t
503.304,125826,t
503.416,125854,)
503.568,125892,(
503.656,125914,N
503.684,125921,N
503.724,125931,)
503.800,125950,(
503.868,125967,t
503.884,125971,t
503.984,125996,)
504.272,126068,(
504.360,126090,N
504.388,126097,N
504.424,126106,)
504.496,126124,(
504.568,126142,t
504.584,126146,t
504.684,126171,)
504.960,126240,(
505.052,126263,N
505.076,126269,N
505.108,126277,)
505.188,126297,(
505.260,126315,t
505.280,126320,t
505.408,126352,t
505.428,126357,t
505.508,126377,)
505.652,126413,(
505.740,126435,N
505.768,126442,N
505.804,126451,)
505.872,126468,(
505.952,126488,t
505.968,126492,t
506.068,126517,)
506.184,126546,(
506.196,126549,p
506.220,126555,p
506.252,126563,)
506.336,126584,(
506.420,126605,N
506.448,126612,N
506.484,126621,)
506.552,126638,(
506.632,126658,t
506.644,126661,t
506.744,126686,)
506.864,126716,(
506.900,126725,p
506.932,126733,)
507.016,126754,(
507.108,126777,N
507.132,126783,N
507.168,126792,)
507.240,126810,(
507.320,126830,t
507.332,126833,t
507.428,126857,)
507.556,126889,(
507.592,126898,p
507.620,126905,)
507.708,126927,(
507.800,126950,N
507.824,126956,N
507.860,126965,)
507.936,126984,(
508.024,127006,t
508.028,127007,t
508.128,127032,)
508.424,127106,(
508.516,127129,N
508.544,127136,N
508.580,127145,)
508.656,127164,(
508.740,127185,t
508.744,127186,t
508.844,127211,)
508.992,127248,(
509.024,127256,p
509.060,127265,)
509.148,127287,(
509.236,127309,N
509.264,127316,N
509.300,127325,)
509.376,127344,(
509.464,127366,t
509.468,127367,t
509.568,127392,)
509.864,127466,(
509.952,127488,N
509.976,127494,N
510.012,127503,)
510.092,127523,(
510.180,127545,t
510.180,127545,t
510.300,127575,)
510.436,127609,(
510.468,127617,p
510.500,127625,)
510.596,127649,(
510.684,127671,N
510.712,127678,N
510.752,127688,)
510.824,127706,(
510.916,127729,t
510.920,127730,t
511.028,127757,)
511.176,127794,(
511.204,127801,p
511.236,127809,)
511.328,127832,(
511.416,127854,N
511.444,127861,N
511.480,127870,)
511.560,127890,(
511.640,127910,t
511.648,127912,t
511.752,127938,)
511.912,127978,(
511.940,127985,p
511.972,127993,)
512.064,128016,(
512.156,128039,N
512.180,128045,N
512.216,128054,)
512.296,128074,(
512.376,128094,t
512.380,128095,t
512.480,128120,)
512.628,128157,(
512.660,128165,p
512.692,128173,)
512.784,128196,(
512.872,128218,N
512.900,128225,N
512.936,128234,)
513.012,128253,(
513.096,128274,t
513.104,128276,t
513.212,128303,)
513.360,128340,(
513.388,128347,p
513.424,128356,)
513.512,128378,(
513.600,128400,N
513.628,128407,N
513.664,128416,)
513.740,128435,(
513.832,128458,t
513.836,128459,t
513.936,128484,)
514.088,128522,(
514.116,128529,p
514.152,128538,)
514.240,128560,(
514.328,128582,N
514.356,128589,N
514.392,128598,)
514.468,128617,(
514.556,128639,t
514.556,128639,t
514.652,128663,)
514.796,128699,(
514.828,128707,p
514.864,128716,)
514.952,128738,(
515.044,128761,N
515.068,128767,N
515.104,128776,)
515.184,128796,(
515.264,128816,t
515.268,128817,t
515.360,128840,)
515.668,128917,(
515.752,128938,N
515.784,128946,N
515.820,128955,)
515.888,128972,(
515.964,128991,t
515.980,128995,t
516.076,129019,)
516.368,129092,(
516.456,129114,N
516.484,129121,N
516.520,129130,)
516.592,129148,(
516.664,129166,t
516.680,129170,t
516.776,129194,)
516.904,129226,(
516.940,129235,p
516.972,129243,)
517.056,129264,(
517.148,129287,N
517.172,129293,N
517.208,129302,)
517.288,129322,(
517.364,129341,t
517.376,129344,t
517.472,129368,)
517.592,129398,(
517.608,129402,p
517.628,129407,p
517.656,129414,)
517.748,129437,(
517.836,129459,N
517.864,129466,N
517.904,129476,)
517.972,129493,(
518.048,129512,t
518.064,129516,t
518.160,129540,)
518.280,129570,(
518.316,129579,p
518.348,129587,)
518.432,129608,(
518.520,129630,N
518.548,129637,N
518.584,129646,)
518.656,129664,(
518.728,129682,t
518.744,129686,t
518.848,129712,)
518.968,129742,(
519.000,129750,p
519.036,129759,)
519.116,129779,(
519.204,129801,N
519.232,129808,N
519.268,129817,)
519.336,129834,(
519.412,129853,t
519.424,129856,t
519.524,129881,)
519.656,129914,(
519.692,129923,p
519.724,129931,)
519.812,129953,(
519.904,129976,N
519.928,129982,N
519.964,129991,)
520.040,130010,(
520.112,130028,t
520.128,130032,t
520.224,130056,)
520.520,130130,(
520.608,130152,N
520.636,130159,N
520.672,130168,)
520.748,130187,(
520.836,130209,t
520.840,130210,t
520.956,130239,)
521.240,130310,(
521.328,130332,N
521.356,130339,N
521.392,130348,)
521.464,130366,(
521.556,130389,t
521.560,130390,t
521.684,130421,)
521.824,130456,(
521.852,130463,p
521.888,130472,)
521.976,130494,(
522.068,130517,N
522.092,130523,N
522.128,130532,)
522.204,130551,(
522.300,130575,t
522.308,130577,t
522.416,130604,)
522.560,130640,(
522.588,130647,p
522.620,130655,)
522.712,130678,(
522.804,130701,N
522.832,130708,N
522.864,130716,)
522.944,130736,(
523.036,130759,t
523.048,130762,t
523.168,130792,)
523.312,130828,(
523.340,130835,p
523.372,130843,)
523.464,130866,(
523.552,130888,N
523.580,130895,N
523.616,130904,)
523.696,130924,(
523.788,130947,t
523.788,130947,t
523.896,130974,)
524.072,131018,(
524.100,131025,p
524.116,131029,p
524.132,131033,)
524.224,131056,(
524.312,131078,N
524.340,131085,N
524.376,131094,)
524.452,131113,(
524.548,131137,t
524.548,131137,t
524.648,131162,)
524.812,131203,(
524.836,131209,p
524.872,131218,)
524.960,131240,(
525.052,131263,N
525.076,131269,N
525.108,131277,)
525.192,131298,(
525.280,131320,t
525.284,131321,t
525.392,131348,)
525.548,131387,(
525.572,131393,p
525.588,131397,p
525.604,131401,)
525.696,131424,(
525.784,131446,N
525.812,131453,N
525.852,131463,)
525.924,131481,(
526.008,131502,t
526.016,131504,t
526.128,131532,)
526.272,131568,(
526.300,131575,p
526.336,131584,)
526.424,131606,(
526.516,131629,N
526.544,131636,N
526.580,131645,)
526.660,131665,(
526.736,131684,t
526.748,131687,t
526.856,131714,)
527.012,131753,(
527.040,131760,p
527.080,131770,)
527.164,131791,(
527.256,131814,N
527.284,131821,N
527.320,131830,)
527.396,131849,(
527.472,131868,t
527.488,131872,t
527.580,131895,)
527.728,131932,(
527.756,131939,p
527.792,131948,)
527.880,131970,(
527.968,131992,N
527.992,131998,N
528.028,132007,)
528.104,132026,(
528.180,132045,t
528.192,132048,t
528.288,132072,)
528.584,132146,(
528.668,132167,N
528.700,132175,N
528.736,132184,)
528.808,132202,(
528.892,132223,t
528.900,132225,t
528.996,132249,)
529.284,132321,(
529.376,132344,N
529.400,132350,N
529.440,132360,)
529.512,132378,(
529.592,132398,t
529.600,132400,t
529.696,132424,)
529.992,132498,(
530.080,132520,N
530.108,132527,N
530.144,132536,)
530.220,132555,(
530.308,132577,t
530.312,132578,t
530.404,132601,)
530.696,132674,(
530.784,132696,N
530.812,132703,N
530.848,132712,)
530.916,132729,(
531.004,132751,t
531.008,132752,t
531.108,132777,)
531.400,132850,(
531.488,132872,N
531.516,132879,N
531.552,132888,)
531.628,132907,(
531.700,132925,t
531.716,132929,t
531.812,132953,)
532.100,133025,(
532.192,133048,N
532.220,133055,N
532.256,133064,)
532.328,133082,(
532.404,133101,t
532.416,133104,t
532.512,133128,)
532.804,133201,(
532.896,133224,N
532.920,133230,N
532.956,133239,)
533.032,133258,(
533.100,133275,t
533.120,133280,t
533.212,133303,)
533.508,133377,(
533.596,133399,N
533.628,133407,N
533.664,133416,)
533.736,133434,(
533.804,133451,t
533.824,133456,t
533.920,133480,)
534.208,133552,(
534.292,133573,N
534.320,133580,N
534.360,133590,)
534.428,133607,(
534.508,133627,t
534.520,133630,t
534.620,133655,)
534.908,133727,(
534.996,133749,N
535.020,133755,N
535.056,133764,)
535.128,133782,(
535.204,133801,t
535.220,133805,t
535.320,133830,)
535.444,133861,(
535.480,133870,p
535.512,133878,)
535.604,133901,(
535.692,133923,N
535.720,133930,N
535.756,133939,)
535.832,133958,(
535.908,133977,t
535.920,133980,t
536.020,134005,)
536.308,134077,(
536.400,134100,N
536.428,134107,N
536.464,134116,)
536.540,134135,(
536.616,134154,t
536.628,134157,t
536.732,134183,)
537.020,134255,(
537.108,134277,N
537.136,134284,N
537.172,134293,)
537.244,134311,(
537.324,134331,t
537.332,134333,t
537.428,134357,)
537.724,134431,(
537.812,134453,N
537.836,134459,N
537.872,134468,)
537.956,134489,(
538.032,134508,t
538.040,134510,t
538.140,134535,)
538.436,134609,(
538.524,134631,N
538.548,134637,N
538.588,134647,)
538.660,134665,(
538.752,134688,t
538.756,134689,t
538.864,134716,)
539.004,134751,(
539.036,134759,p
539.072,134768,)
539.160,134790,(
539.252,134813,N
539.276,134819,N
539.316,134829,)
539.392,134848,(
539.484,134871,t
539.488,134872,t
539.592,134898,)
539.744,134936,(
539.772,134943,p
539.808,134952,)
539.896,134974,(
539.984,134996,N
540.012,135003,N
540.048,135012,)
540.124,135031,(
540.216,135054,t
540.216,135054,t
540.316,135079,)
540.464,135116,(
540.496,135124,p
540.532,135133,)
540.620,135155,(
540.712,135178,N
540.736,135184,N
540.772,135193,)
540.852,135213,(
540.936,135234,t
540.940,135235,t
541.044,135261,)
541.192,135298,(
541.224,135306,p
541.256,135314,)
541.344,135336,(
541.432,135358,N
541.460,135365,N
541.500,135375,)
541.572,135393,(
541.648,135412,t
541.664,135416,t
541.760,135440,)
541.904,135476,(
541.936,135484,p
541.972,135493,)
542.056,135514,(
542.148,135537,N
542.176,135544,N
542.212,135553,)
542.284,135571,(
542.360,135590,t
542.376,135594,t
542.488,135622,)
542.772,135693,(
542.864,135716,N
542.884,135721,N
542.920,135730,)
542.988,135747,(
543.064,135766,t
543.088,135772,t
543.188,135797,)
543.476,135869,(
543.564,135891,N
543.588,135897,N
543.624,135906,)
543.700,135925,(
543.764,135941,t
543.804,135951,t
543.912,135978,)
544.036,136009,(
544.084,136021,p
544.128,136032,)
544.236,136059,(
544.236,136059,N
544.256,136064,N
544.300,136075,)
544.380,136095,(
544.464,136116,t
544.472,136118,t
544.560,136140,)
544.664,136166,(
544.696,136174,p
544.728,136182,)
544.900,136225,(
544.904,136226,N
544.928,136232,N
544.968,136242,)
545.052,136263,(
545.136,136284,t
545.140,136285,t
545.228,136307,)
545.332,136333,(
545.364,136341,p
545.392,136348,)
545.480,136370,(
545.572,136393,N
545.592,136398,N
545.632,136408,)
545.728,136432,(
545.800,136450,t
545.808,136452,t
545.940,136485,t
545.940,136485,t
545.988,136497,)
546.140,136535,(
546.228,136557,N
546.248,136562,N
546.284,136571,)
546.376,136594,(
546.456,136614,t
546.460,136615,t
546.540,136635,)
546.672,136668,(
546.680,136670,p
546.680,136670,p
546.708,136677,)
546.800,136700,(
546.884,136721,N
546.908,136727,N
546.948,136737,)
547.028,136757,(
547.108,136777,t
547.116,136779,t
547.220,136805,)
547.452,136863,(
547.540,136885,N
547.564,136891,N
547.604,136901,)
547.684,136921,(
547.764,136941,t
547.768,136942,t
547.864,136966,)
547.948,136987,(
547.980,136995,p
548.012,137003,)
548.100,137025,(
548.192,137048,N
548.212,137053,N
548.252,137063,)
548.344,137086,(
548.404,137101,t
548.424,137106,t
548.512,137128,)
548.764,137191,(
548.852,137213,N
548.876,137219,N
548.912,137228,)
548.984,137246,(
549.052,137263,t
549.076,137269,t
549.168,137292,)
549.276,137319,(
549.308,137327,p
549.336,137334,)
549.428,137357,(
549.516,137379,N
549.544,137386,N
549.580,137395,)
549.652,137413,(
549.712,137428,t
549.740,137435,t
549.836,137459,)
549.960,137490,(
549.964,137491,p
549.984,137496,p
550.012,137503,)
550.104,137526,(
550.192,137548,N
550.216,137554,N
550.252,137563,)
550.332,137583,(
550.404,137601,t
550.412,137603,t
550.508,137627,)
550.548,137637,(
550.556,137639,p
550.592,137648,)
550.628,137657,(
550.664,137666,p
550.692,137673,)
550.780,137695,(
550.872,137718,N
550.900,137725,N
550.936,137734,)
551.008,137752,(
551.080,137770,t
551.096,137774,t
551.188,137797,)
551.464,137866,(
551.552,137888,N
551.576,137894,N
551.616,137904,)
551.684,137921,(
551.756,137939,t
551.776,137944,t
551.880,137970,)
552.144,138036,(
552.240,138060,N
552.256,138064,N
552.296,138074,)
552.376,138094,(
552.436,138109,t
552.468,138117,t
552.556,138139,)
552.664,138166,(
552.700,138175,p
552.720,138180,)
552.816,138204,(
552.908,138227,N
552.928,138232,N
552.964,138241,)
553.040,138260,(
553.124,138281,t
553.136,138284,t
553.236,138309,)
553.492,138373,(
553.580,138395,N
553.600,138400,N
553.640,138410,)
553.712,138428,(
553.780,138445,t
553.796,138449,t
553.904,138476,)
554.008,138502,(
554.040,138510,p
554.068,138517,)
554.160,138540,(
554.248,138562,N
554.272,138568,N
554.308,138577,)
554.388,138597,(
554.468,138617,t
554.480,138620,t
554.584,138646,)
554.712,138678,(
554.728,138682,p
554.748,138687,p
554.776,138694,)
554.868,138717,(
554.956,138739,N
554.980,138745,N
555.020,138755,)
555.088,138772,(
555.176,138794,t
555.184,138796,t
555.288,138822,)
555.432,138858,(
555.464,138866,p
555.500,138875,)
555.588,138897,(
555.676,138919,N
555.700,138925,N
555.740,138935,)
555.808,138952,(
555.884,138971,t
555.896,138974,t
555.992,138998,)
556.276,139069,(
556.368,139092,N
556.388,139097,N
556.428,139107,)
556.500,139125,(
556.576,139144,t
556.588,139147,t
556.684,139171,)
556.972,139243,(
557.060,139265,N
557.088,139272,N
557.124,139281,)
557.200,139300,(
557.272,139318,t
557.288,139322,t
557.388,139347,)
557.668,139417,(
557.756,139439,N
557.780,139445,N
557.820,139455,)
557.892,139473,(
557.972,139493,t
557.984,139496,t
558.092,139523,)
558.216,139554,(
558.232,139558,p
558.252,139563,p
558.284,139571,)
558.372,139593,(
558.464,139616,N
558.488,139622,N
558.524,139631,)
558.600,139650,(
558.680,139670,t
558.692,139673,t
558.788,139697,)
558.936,139734,(
558.972,139743,p
559.004,139751,)
559.092,139773,(
559.180,139795,N
559.208,139802,N
559.248,139812,)
559.320,139830,(
559.396,139849,t
559.408,139852,t
559.516,139879,)
559.808,139952,(
559.900,139975,N
559.924,139981,N
559.960,139990,)
560.036,140009,(
560.124,140031,t
560.124,140031,t
560.236,140059,)
560.604,140151,(
560.624,140156,N
560.648,140162,N
560.684,140171,)
560.760,140190,(
560.852,140213,t
560.852,140213,t
560.964,140241,)
561.104,140276,(
561.136,140284,p
561.168,140292,)
561.260,140315,(
561.348,140337,N
561.376,140344,N
561.412,140353,)
561.488,140372,(
561.580,140395,t
561.580,140395,t
561.684,140421,)
561.844,140461,(
561.872,140468,p
561.908,140477,)
561.996,140499,(
562.084,140521,N
562.112,140528,N
562.148,140537,)
562.220,140555,(
562.312,140578,t
562.316,140579,t
562.408,140602,)
562.568,140642,(
562.596,140649,p
562.632,140658,)
562.720,140680,(
562.808,140702,N
562.832,140708,N
562.868,140717,)
562.944,140736,(
563.024,140756,t
563.032,140758,t
563.128,140782,)
563.424,140856,(
563.516,140879,N
563.540,140885,N
563.576,140894,)
563.652,140913,(
563.720,140930,t
563.740,140935,t
563.836,140959,)
564.132,141033,(
564.224,141056,N
564.248,141062,N
564.288,141072,)
564.356,141089,(
564.428,141107,t
564.448,141112,t
564.544,141136,)
564.824,141206,(
564.912,141228,N
564.936,141234,N
564.972,141243,)
565.048,141262,(
565.136,141284,t
565.136,141284,t
565.232,141308,)
565.496,141374,(
565.564,141391,N
565.588,141397,N
565.644,141411,)
565.728,141432,(
565.812,141453,t
565.820,141455,t
565.916,141479,)
566.040,141510,(
566.064,141516,p
566.088,141522,)
566.128,141532,(
566.252,141563,N
566.268,141567,N
566.304,141576,)
566.396,141599,(
566.464,141616,t
566.488,141622,t
566.564,141641,)
566.668,141667,(
566.700,141675,p
566.724,141681,)
566.824,141706,(
566.916,141729,N
566.932,141733,N
566.972,141743,)
567.048,141762,(
567.116,141779,t
567.144,141786,t
567.236,141809,)
567.344,141836,(
567.364,141841,p
567.376,141844,p
567.404,141851,)
567.500,141875,(
567.592,141898,N
567.604,141901,N
567.648,141912,)
567.724,141931,(
567.796,141949,t
567.816,141954,t
567.912,141978,)
568.020,142005,(
568.056,142014,p
568.084,142021,)
568.176,142044,(
568.268,142067,N
568.288,142072,N
568.328,142082,)
568.408,142102,(
568.492,142123,t
568.500,142125,t
568.588,142147,)
568.700,142175,(
568.732,142183,p
568.764,142191,)
568.852,142213,(
568.944,142236,N
568.964,142241,N
569.004,142251,)
569.084,142271,(
569.168,142292,t
569.168,142292,t
569.256,142314,)
569.516,142379,(
569.600,142400,N
569.628,142407,N
569.664,142416,)
569.744,142436,(
569.820,142455,t
569.824,142456,t
569.920,142480,)
570.028,142507,(
570.060,142515,p
570.088,142522,)
570.176,142544,(
570.268,142567,N
570.292,142573,N
570.328,142582,)
570.412,142603,(
570.492,142623,t
570.496,142624,t
570.580,142645,)
570.840,142710,(
570.928,142732,N
570.956,142739,N
570.992,142748,)
571.072,142768,(
571.156,142789,t
571.160,142790,t
571.248,142812,)
571.352,142838,(
571.384,142846,p
571.412,142853,)
571.500,142875,(
571.588,142897,N
571.616,142904,N
571.648,142912,)
571.728,142932,(
571.812,142953,t
571.816,142954,t
571.908,142977,)
572.160,143040,(
572.248,143062,N
572.276,143069,N
572.308,143077,)
572.384,143096,(
572.452,143113,t
572.472,143118,t
572.564,143141,)
572.828,143207,(
572.916,143229,N
572.944,143236,N
572.976,143244,)
573.056,143264,(
573.120,143280,t
573.140,143285,t
573.236,143309,)
573.508,143377,(
573.596,143399,N
573.624,143406,N
573.660,143415,)
573.732,143433,(
573.800,143450,t
573.820,143455,t
573.916,143479,)
574.044,143511,(
574.052,143513,p
574.080,143520,p
574.108,143527,)
574.192,143548,(
574.280,143570,N
574.308,143577,N
574.344,143586,)
574.412,143603,(
574.476,143619,t
574.500,143625,t
574.596,143649,)
574.732,143683,(
574.764,143691,p
574.796,143699,)
574.880,143720,(
574.968,143742,N
574.996,143749,N
575.028,143757,)
575.100,143775,(
575.176,143794,t
575.188,143797,t
575.284,143821,)
575.420,143855,(
575.452,143863,p
575.484,143871,)
575.568,143892,(
575.656,143914,N
575.684,143921,N
575.716,143929,)
575.784,143946,(
575.860,143965,t
575.876,143969,t
575.976,143994,)
576.104,144026,(
576.112,144028,p
576.140,144035,p
576.172,144043,)
576.252,144063,(
576.340,144085,N
576.368,144092,N
576.404,144101,)
576.468,144117,(
576.540,144135,t
576.564,144141,t
576.660,144165,)
576.944,144236,(
577.036,144259,N
577.064,144266,N
577.100,144275,)
577.172,144293,(
577.240,144310,t
577.260,144315,t
577.360,144340,)
577.644,144411,(
577.736,144434,N
577.760,144440,N
577.800,144450,)
577.868,144467,(
577.944,144486,t
577.956,144489,t
578.056,144514,)
578.348,144587,(
578.436,144609,N
578.460,144615,N
578.496,144624,)
578.572,144643,(
578.648,144662,t
578.656,144664,t
578.756,144689,)
579.040,144760,(
579.128,144782,N
579.156,144789,N
579.192,144798,)
579.268,144817,(
579.348,144837,t
579.352,144838,t
579.460,144865,)
579.760,144940,(
579.848,144962,N
579.876,144969,N
579.912,144978,)
579.984,144996,(
580.072,145018,t
580.076,145019,t
580.180,145045,)
580.340,145085,(
580.372,145093,p
580.404,145101,)
580.492,145123,(
580.580,145145,N
580.608,145152,N
580.644,145161,)
580.716,145179,(
580.804,145201,t
580.808,145202,t
580.904,145226,)
581.064,145266,(
581.092,145273,p
581.128,145282,)
581.212,145303,(
581.304,145326,N
581.328,145332,N
581.364,145341,)
581.440,145360,(
581.520,145380,t
581.524,145381,t
581.624,145406,)
581.916,145479,(
582.008,145502,N
582.032,145508,N
582.064,145516,)
582.148,145537,(
582.224,145556,t
582.236,145559,t
582.336,145584,)
582.628,145657,(
582.720,145680,N
582.748,145687,N
582.784,145696,)
582.860,145715,(
582.952,145738,t
582.960,145740,t
583.076,145769,)
583.192,145798,(
583.224,145806,p
583.260,145815,)
583.348,145837,(
583.436,145859,N
583.464,145866,N
583.500,145875,)
583.572,145893,(
583.668,145917,t
583.680,145920,t
583.816,145954,)
583.956,145989,(
583.984,145996,p
584.016,146004,)
584.200,146050,(
584.200,146050,N
584.228,146057,N
584.260,146065,)
584.340,146085,(
584.432,146108,t
584.444,146111,t
584.516,146129,)
584.720,146180,(
584.744,146186,p
584.784,146196,)
584.876,146219,(
584.968,146242,N
584.992,146248,N
585.028,146257,)
585.104,146276,(
585.200,146300,t
585.212,146303,t
585.276,146319,)
585.508,146377,(
585.532,146383,p
585.572,146393,)
585.660,146415,(
585.748,146437,N
585.780,146445,N
585.812,146453,)
585.892,146473,(
585.984,146496,t
585.992,146498,t
586.064,146516,)
586.320,146580,(
586.344,146586,p
586.384,146596,)
586.476,146619,(
586.568,146642,N
586.596,146649,N
586.628,146657,)
586.716,146679,(
586.808,146702,t
586.816,146704,t
586.880,146720,)
587.176,146794,(
587.184,146796,p
587.212,146803,p
587.240,146810,)
587.280,146820,(
587.368,146842,N
587.396,146849,N
587.432,146858,)
587.512,146878,(
587.604,146901,t
587.616,146904,t
587.688,146922,)
587.948,146987,(
587.972,146993,p
587.996,146999,)
588.052,147013,(
588.140,147035,N
588.168,147042,N
588.200,147050,)
588.284,147071,(
588.376,147094,t
588.380,147095,t
588.476,147119,)
588.708,147177,(
588.732,147183,p
588.756,147189,)
588.880,147220,(
588.900,147225,N
588.928,147232,N
588.960,147240,)
589.044,147261,(
589.136,147284,t
589.140,147285,t
589.240,147310,)
589.444,147361,(
589.468,147367,p
589.492,147373,)
589.544,147386,(
589.636,147409,N
589.664,147416,N
589.696,147424,)
589.780,147445,(
589.876,147469,t
589.876,147469,t
589.996,147499,)
590.204,147551,(
590.228,147557,p
590.256,147564,)
590.308,147577,(
590.396,147599,N
590.424,147606,N
590.460,147615,)
590.536,147634,(
590.624,147656,t
590.628,147657,t
590.724,147681,)
590.948,147737,(
590.972,147743,p
590.996,147749,)
591.044,147761,(
591.136,147784,N
591.164,147791,N
591.196,147799,)
591.280,147820,(
591.364,147841,t
591.368,147842,t
591.464,147866,)
591.652,147913,(
591.680,147920,p
591.704,147926,)
591.828,147957,(
591.848,147962,N
591.872,147968,N
591.908,147977,)
591.992,147998,(
592.084,148021,t
592.084,148021,t
592.220,148055,)
592.388,148097,(
592.416,148104,p
592.436,148109,)
592.492,148123,(
592.580,148145,N
592.612,148153,N
592.644,148161,)
592.720,148180,(
592.812,148203,t
592.812,148203,t
592.916,148229,)
593.156,148289,(
593.180,148295,p
593.204,148301,)
593.256,148314,(
593.344,148336,N
593.376,148344,N
593.408,148352,)
593.484,148371,(
593.560,148390,t
593.572,148393,t
593.668,148417,)
593.848,148462,(
593.872,148468,p
593.896,148474,)
593.948,148487,(
594.040,148510,N
594.068,148517,N
594.100,148525,)
594.180,148545,(
594.268,148567,t
594.272,148568,t
594.384,148596,)
594.648,148662,(
594.740,148685,N
594.768,148692,N
594.800,148700,)
594.876,148719,(
594.972,148743,t
594.984,148746,t
595.056,148764,)
595.316,148829,(
595.336,148834,p
595.364,148841,)
595.508,148877,(
595.532,148883,N
595.568,148892,)
595.648,148912,(
595.740,148935,t
595.756,148939,t
595.824,148956,)
596.136,149034,(
596.160,149040,p
596.180,149045,p
596.196,149049,)
596.284,149071,(
596.372,149093,N
596.400,149100,N
596.436,149109,)
596.516,149129,(
596.608,149152,t
596.612,149153,t
596.768,149192,)
596.872,149218,(
596.896,149224,p
596.932,149233,)
597.020,149255,(
597.112,149278,N
597.136,149284,N
597.168,149292,)
597.252,149313,(
597.332,149333,t
597.340,149335,t
597.452,149363,)
597.608,149402,(
597.636,149409,p
597.672,149418,)
597.756,149439,(
597.844,149461,N
597.872,149468,N
597.908,149477,)
597.984,149496,(
598.068,149517,t
598.076,149519,t
598.176,149544,)
598.340,149585,(
598.364,149591,p
598.376,149594,p
598.400,149600,)
598.484,149621,(
598.572,149643,N
598.600,149650,N
598.636,149659,)
598.716,149679,(
598.796,149699,t
598.808,149702,t
598.904,149726,)
599.056,149764,(
599.084,149771,p
599.120,149780,)
599.204,149801,(
599.300,149825,N
599.320,149830,N
599.356,149839,)
599.436,149859,(
599.516,149879,t
599.528,149882,t
599.628,149907,)
599.928,149982,(
600.016,150004,N
600.044,150011,N
600.080,150020,)
600.156,150039,(
600.232,150058,t
600.244,150061,t
600.336,150084,)
600.632,150158,(
600.724,150181,N
600.748,150187,N
600.788,150197,)
600.860,150215,(
600.940,150235,t
600.952,150238,t
601.048,150262,)
601.332,150333,(
601.420,150355,N
601.448,150362,N
601.484,150371,)
601.560,150390,(
601.628,150407,t
601.648,150412,t
601.748,150437,)
602.028,150507,(
602.120,150530,N
602.144,150536,N
602.180,150545,)
602.256,150564,(
602.332,150583,t
602.344,150586,t
602.456,150614,)
602.472,150618,(
602.476,150619,p
602.488,150622,t
602.568,150642,)
602.708,150677,(
602.800,150700,N
602.824,150706,N
602.860,150715,)
602.936,150734,(
602.996,150749,t
603.020,150755,t
603.120,150780,)
603.244,150811,(
603.252,150813,p
603.276,150819,p
603.308,150827,)
603.392,150848,(
603.480,150870,N
603.508,150877,N
603.544,150886,)
603.616,150904,(
603.684,150921,t
603.704,150926,t
603.804,150951,)
604.076,151019,(
604.168,151042,N
604.192,151048,N
604.224,151056,)
604.300,151075,(
604.372,151093,t
604.388,151097,t
604.488,151122,)
604.612,151153,(
604.648,151162,p
604.676,151169,)
604.768,151192,(
604.856,151214,N
604.880,151220,N
604.916,151229,)
604.988,151247,(
605.064,151266,t
605.080,151270,t
605.184,151296,)
605.312,151328,(
605.348,151337,p
605.380,151345,)
605.468,151367,(
605.556,151389,N
605.584,151396,N
605.620,151405,)
605.692,151423,(
605.768,151442,t
605.784,151446,t
605.884,151471,)
606.172,151543,(
606.264,151566,N
606.292,151573,N
606.328,151582,)
606.400,151600,(
606.480,151620,t
606.488,151622,t
606.588,151647,)
606.892,151723,(
606.980,151745,N
607.008,151752,N
607.044,151761,)
607.120,151780,(
607.208,151802,t
607.208,151802,t
607.320,151830,)
607.608,151902,(
607.700,151925,N
607.724,151931,N
607.760,151940,)
607.836,151959,(
607.928,151982,t
607.940,151985,t
608.064,152016,)
608.200,152050,(
608.228,152057,p
608.264,152066,)
608.352,152088,(
608.444,152111,N
608.472,152118,N
608.508,152127,)
608.584,152146,(
608.676,152169,t
608.688,152172,t
608.784,152196,)
608.960,152240,(
608.988,152247,p
609.024,152256,)
609.112,152278,(
609.200,152300,N
609.228,152307,N
609.264,152316,)
609.340,152335,(
609.436,152359,t
609.444,152361,t
609.528,152382,)
609.720,152430,(
609.748,152437,p
609.756,152439,)
609.872,152468,(
609.964,152491,N
609.988,152497,N
610.024,152506,)
610.108,152527,(
610.200,152550,t
610.204,152551,t
610.280,152570,)
610.488,152622,(
610.512,152628,p
610.524,152631,)
610.640,152660,(
610.728,152682,N
610.756,152689,N
610.792,152698,)
610.872,152718,(
610.964,152741,t
610.980,152745,t
611.048,152762,)
611.264,152816,(
611.288,152822,p
611.300,152825,)
611.412,152853,(
611.504,152876,N
611.532,152883,N
611.564,152891,)
611.648,152912,(
611.740,152935,t
611.748,152937,t
611.824,152956,)
612.044,153011,(
612.068,153017,p
612.104,153026,)
612.268,153067,(
612.284,153071,N
612.312,153078,N
612.344,153086,)
612.428,153107,(
612.520,153130,t
612.532,153133,t
612.604,153151,)
612.812,153203,(
612.840,153210,p
612.848,153212,)
612.960,153240,(
613.052,153263,N
613.080,153270,N
613.112,153278,)
613.192,153298,(
613.284,153321,t
613.292,153323,t
613.376,153344,)
613.580,153395,(
613.604,153401,p
613.612,153403,)
613.728,153432,(
613.816,153454,N
613.844,153461,N
613.876,153469,)
613.956,153489,(
614.048,153512,t
614.060,153515,t
614.148,153537,)
614.340,153585,(
614.364,153591,p
614.404,153601,)
614.488,153622,(
614.580,153645,N
614.608,153652,N
614.640,153660,)
614.728,153682,(
614.816,153704,t
614.824,153706,t
614.912,153728,)
615.084,153771,(
615.112,153778,p
615.144,153786,)
615.232,153808,(
615.324,153831,N
615.352,153838,N
615.384,153846,)
615.468,153867,(
615.556,153889,t
615.560,153890,t
615.648,153912,)
615.812,153953,(
615.844,153961,p
615.876,153969,)
615.960,153990,(
616.048,154012,N
616.076,154019,N
616.112,154028,)
616.188,154047,(
616.280,154070,t
616.280,154070,t
616.384,154096,)
616.524,154131,(
616.556,154139,p
616.592,154148,)
616.676,154169,(
616.764,154191,N
616.788,154197,N
616.824,154206,)
616.904,154226,(
616.992,154248,t
616.992,154248,t
617.096,154274,)
617.248,154312,(
617.276,154319,p
617.316,154329,)
617.396,154349,(
617.488,154372,N
617.516,154379,N
617.548,154387,)
617.628,154407,(
617.720,154430,t
617.720,154430,t
617.820,154455,)
617.964,154491,(
617.996,154499,p
618.028,154507,)
618.116,154529,(
618.208,154552,N
618.236,154559,N
618.268,154567,)
618.348,154587,(
618.420,154605,t
618.436,154609,t
618.536,154634,)
618.684,154671,(
618.716,154679,p
618.752,154688,)
618.840,154710,(
618.928,154732,N
618.956,154739,N
618.992,154748,)
619.072,154768,(
619.160,154790,t
619.160,154790,t
619.264,154816,)
619.408,154852,(
619.440,154860,p
619.476,154869,)
619.564,154891,(
619.652,154913,N
619.680,154920,N
619.716,154929,)
619.796,154949,(
619.884,154971,t
619.892,154973,t
619.992,154998,)
620.132,155033,(
620.164,155041,p
620.196,155049,)
620.284,155071,(
620.376,155094,N
620.400,155100,N
620.436,155109,)
620.516,155129,(
620.608,155152,t
620.616,155154,t
620.720,155180,)
620.880,155220,(
620.896,155224,p
620.916,155229,p
620.928,155232,)
621.024,155256,(
621.108,155277,N
621.140,155285,N
621.176,155294,)
621.252,155313,(
621.344,155336,t
621.352,155338,t
621.448,155362,)
621.604,155401,(
621.632,155408,p
621.668,155417,)
621.832,155458,(
621.844,155461,N
621.872,155468,N
621.908,155477,)
621.984,155496,(
622.076,155519,t
622.076,155519,t
622.180,155545,)
622.556,155639,(
622.572,155643,N
622.600,155650,N
622.632,155658,)
622.716,155679,(
622.804,155701,t
622.812,155703,t
622.912,155728,)
623.048,155762,(
623.080,155770,p
623.112,155778,)
623.204,155801,(
623.292,155823,N
623.324,155831,N
623.356,155839,)
623.432,155858,(
623.524,155881,t
623.532,155883,t
623.636,155909,)
623.780,155945,(
623.808,155952,p
623.844,155961,)
623.932,155983,(
624.024,156006,N
624.052,156013,N
624.088,156022,)
624.164,156041,(
624.252,156063,t
624.256,156064,t
624.356,156089,)
624.504,156126,(
624.536,156134,p
624.568,156142,)
624.656,156164,(
624.748,156187,N
624.772,156193,N
624.808,156202,)
624.888,156222,(
624.964,156241,t
624.976,156244,t
625.072,156268,)
625.364,156341,(
625.452,156363,N
625.480,156370,N
625.512,156378,)
625.588,156397,(
625.664,156416,t
625.676,156419,t
625.772,156443,)
626.068,156517,(
626.156,156539,N
626.184,156546,N
626.220,156555,)
626.292,156573,(
626.364,156591,t
626.384,156596,t
626.480,156620,)
626.768,156692,(
626.860,156715,N
626.888,156722,N
626.924,156731,)
626.996,156749,(
627.072,156768,t
627.088,156772,t
627.184,156796,)
627.312,156828,(
627.348,156837,p
627.380,156845,)
627.468,156867,(
627.560,156890,N
627.588,156897,N
627.620,156905,)
627.696,156924,(
627.764,156941,t
627.784,156946,t
627.880,156970,)
628.168,157042,(
628.256,157064,N
628.284,157071,N
628.320,157080,)
628.396,157099,(
628.460,157115,t
628.484,157121,t
628.580,157145,)
628.708,157177,(
628.744,157186,p
628.776,157194,)
628.864,157216,(
628.952,157238,N
628.980,157245,N
629.016,157254,)
629.088,157272,(
629.156,157289,t
629.176,157294,t
629.276,157319,)
629.560,157390,(
629.652,157413,N
629.676,157419,N
629.712,157428,)
629.788,157447,(
629.856,157464,t
629.876,157469,t
629.972,157493,)
630.100,157525,(
630.136,157534,p
630.168,157542,)
630.260,157565,(
630.348,157587,N
630.376,157594,N
630.408,157602,)
630.484,157621,(
630.560,157640,t
630.576,157644,t
630.672,157668,)
630.964,157741,(
631.052,157763,N
631.080,157770,N
631.116,157779,)
631.192,157798,(
631.268,157817,t
631.276,157819,t
631.380,157845,)
631.656,157914,(
631.748,157937,N
631.772,157943,N
631.804,157951,)
631.880,157970,(
631.952,157988,t
631.972,157993,t
632.072,158018,)
632.188,158047,(
632.196,158049,p
632.220,158055,p
632.240,158060,)
632.340,158085,(
632.428,158107,N
632.452,158113,N
632.484,158121,)
632.556,158139,(
632.636,158159,t
632.644,158161,)
632.804,158201,(
632.852,158213,N
632.988,158247,N
632.988,158247,)
633.616,158404,(
633.636,158409,p
633.640,158410,)
633.796,158449,(
633.816,158454,N
633.832,158458,N
633.876,158469,)
633.968,158492,(
634.016,158504,t
634.048,158512,t
634.132,158533,)
634.156,158539,(
634.184,158546,p
634.212,158553,)
634.380,158595,(
634.380,158595,N
634.404,158601,N
634.440,158610,)
634.528,158632,(
634.600,158650,t
634.608,158652,t
634.728,158682,)
634.928,158732,(
634.960,158740,p
634.988,158747,)
635.076,158769,(
635.168,158792,N
635.192,158798,N
635.224,158806,)
635.304,158826,(
635.368,158842,t
635.392,158848,t
635.484,158871,)
635.768,158942,(
635.860,158965,N
635.880,158970,N
635.916,158979,)
636.000,159000,(
636.052,159013,t
636.088,159022,t
636.188,159047,)
636.468,159117,(
636.556,159139,N
636.584,159146,N
636.620,159155,)
636.696,159174,(
636.780,159195,t
636.788,159197,t
636.888,159222,)
637.016,159254,(
637.052,159263,p
637.084,159271,)
637.176,159294,(
637.264,159316,N
637.292,159323,N
637.328,159332,)
637.408,159352,(
637.488,159372,t
637.496,159374,t
637.592,159398,)
637.892,159473,(
637.984,159496,N
638.004,159501,N
638.040,159510,)
638.120,159530,(
638.200,159550,t
638.208,159552,t
638.308,159577,)
638.596,159649,(
638.688,159672,N
638.712,159678,N
638.748,159687,)
638.824,159706,(
638.904,159726,t
638.912,159728,t
639.004,159751,)
639.304,159826,(
639.396,159849,N
639.420,159855,N
639.456,159864,)
639.528,159882,(
639.608,159902,t
639.620,159905,t
639.724,159931,)
640.100,160025,(
640.116,160029,N
640.152,160038,)
640.236,160059,(
640.324,160081,t
640.324,160081,t
640.440,160110,t
640.440,160110,t
640.528,160132,)
640.672,160168,(
640.764,160191,N
640.788,160197,N
640.824,160206,)
640.912,160228,(
640.996,160249,t
640.996,160249,t
641.080,160270,)
641.184,160296,(
641.216,160304,p
641.240,160310,)
641.336,160334,(
641.428,160357,N
641.448,160362,N
641.484,160371,)
641.568,160392,(
641.652,160413,t
641.660,160415,t
641.752,160438,t
641.756,160439,)
641.976,160494,(
642.076,160519,N
642.092,160523,N
642.132,160533,)
642.220,160555,(
642.300,160575,t
642.308,160577,t
642.384,160596,)
642.628,160657,(
642.720,160680,N
642.736,160684,N
642.776,160694,)
642.864,160716,(
642.948,160737,t
642.952,160738,t
643.044,160761,t
643.048,160762,)
643.264,160816,(
643.352,160838,N
643.372,160843,N
643.408,160852,)
643.492,160873,(
643.576,160894,t
643.596,160899,t
643.664,160916,)
643.736,160934,(
643.760,160940,p
643.796,160949,)
643.884,160971,(
643.972,160993,N
643.992,160998,N
644.032,161008,)
644.108,161027,(
644.196,161049,t
644.212,161053,t
644.300,161075,)
644.464,161116,(
644.480,161120,p
644.520,161130,)
644.532,161133,(
644.584,161146,N
644.604,161151,N
644.644,161161,)
644.724,161181,(
644.804,161201,t
644.808,161202,t
644.888,161222,)
644.960,161240,(
644.988,161247,p
645.020,161255,)
645.112,161278,(
645.200,161300,N
645.220,161305,N
645.256,161314,)
645.336,161334,(
645.420,161355,t
645.420,161355,t
645.524,161381,)
645.724,161431,(
645.812,161453,N
645.836,161459,N
645.876,161469,)
645.956,161489,(
646.032,161508,t
646.036,161509,t
646.124,161531,)
646.200,161550,(
646.232,161558,p
646.264,161566,)
646.352,161588,(
646.444,161611,N
646.464,161616,N
646.500,161625,)
646.584,161646,(
646.660,161665,t
646.664,161666,t
646.756,161689,)
646.832,161708,(
646.864,161716,p
646.892,161723,)
646.988,161747,(
647.080,161770,N
647.100,161775,N
647.136,161784,)
647.224,161806,(
647.300,161825,t
647.304,161826,t
647.388,161847,)
647.476,161869,(
647.508,161877,p
647.536,161884,)
647.628,161907,(
647.716,161929,N
647.740,161935,N
647.776,161944,)
647.852,161963,(
647.908,161977,t
647.936,161984,t
648.032,162008,)
648.128,162032,(
648.160,162040,p
648.188,162047,)
648.280,162070,(
648.368,162092,N
648.392,162098,N
648.428,162107,)
648.500,162125,(
648.560,162140,t
648.584,162146,t
648.688,162172,)
648.824,162206,(
648.828,162207,p
648.840,162210,p
648.864,162216,)
648.960,162240,(
649.052,162263,N
649.076,162269,N
649.112,162278,)
649.184,162296,(
649.256,162314,t
649.276,162319,t
649.372,162343,)
649.504,162376,(
649.540,162385,p
649.572,162393,)
649.660,162415,(
649.752,162438,N
649.772,162443,N
649.808,162452,)
649.880,162470,(
649.956,162489,t
649.972,162493,t
650.068,162517,)
650.364,162591,(
650.452,162613,N
650.476,162619,N
650.516,162629,)
650.584,162646,(
650.668,162667,t
650.676,162669,t
650.780,162695,)
651.072,162768,(
651.160,162790,N
651.188,162797,N
651.224,162806,)
651.300,162825,(
651.388,162847,t
651.392,162848,t
651.496,162874,)
651.804,162951,(
651.896,162974,N
651.920,162980,N
651.960,162990,)
652.036,163009,(
652.116,163029,t
652.128,163032,t
652.228,163057,)
652.376,163094,(
652.408,163102,p
652.440,163110,)
652.532,163133,(
652.624,163156,N
652.644,163161,N
652.680,163170,)
652.760,163190,(
652.840,163210,t
652.852,163213,t
652.952,163238,)
653.104,163276,(
653.136,163284,p
653.168,163292,)
653.256,163314,(
653.344,163336,N
653.372,163343,N
653.408,163352,)
653.484,163371,(
653.564,163391,t
653.572,163393,t
653.688,163422,)
653.824,163456,(
653.856,163464,p
653.888,163472,)
653.976,163494,(
654.068,163517,N
654.092,163523,N
654.128,163532,)
654.208,163552,(
654.296,163574,t
654.300,163575,t
654.432,163608,)
654.580,163645,(
654.600,163650,p
654.620,163655,p
654.636,163659,)
654.724,163681,(
654.812,163703,N
654.840,163710,N
654.876,163719,)
654.952,163738,(
655.044,163761,t
655.052,163763,t
655.148,163787,)
655.324,163831,(
655.352,163838,p
655.388,163847,)
655.480,163870,(
655.576,163894,N
655.600,163900,N
655.632,163908,)
655.716,163929,(
655.812,163953,t
655.812,163953,t
655.904,163976,)
656.092,164023,(
656.120,164030,p
656.124,164031,)
656.248,164062,(
656.336,164084,N
656.364,164091,N
656.400,164100,)
656.476,164119,(
656.572,164143,t
656.572,164143,t
656.668,164167,)
656.860,164215,(
656.884,164221,p
656.892,164223,)
657.012,164253,(
657.096,164274,N
657.124,164281,N
657.160,164290,)
657.240,164310,(
657.332,164333,t
657.336,164334,t
657.424,164356,)
657.624,164406,(
657.652,164413,p
657.656,164414,)
657.772,164443,(
657.864,164466,N
657.888,164472,N
657.924,164481,)
658.004,164501,(
658.096,164524,t
658.108,164527,t
658.212,164553,)
658.380,164595,(
658.404,164601,p
658.440,164610,)
658.528,164632,(
658.624,164656,N
658.648,164662,N
658.684,164671,)
658.768,164692,(
658.860,164715,t
658.860,164715,t
658.960,164740,)
659.124,164781,(
659.156,164789,p
659.188,164797,)
659.276,164819,(
659.364,164841,N
659.392,164848,N
659.428,164857,)
659.508,164877,(
659.596,164899,t
659.600,164900,t
659.704,164926,)
659.856,164964,(
659.884,164971,p
659.920,164980,)
660.008,165002,(
660.096,165024,N
660.124,165031,N
660.156,165039,)
660.240,165060,(
660.324,165081,t
660.328,165082,t
660.432,165108,)
660.584,165146,(
660.612,165153,p
660.644,165161,)
660.808,165202,(
660.828,165207,N
660.848,165212,N
660.888,165222,)
660.968,165242,(
661.056,165264,t
661.060,165265,t
661.152,165288,)
661.308,165327,(
661.336,165334,p
661.372,165343,)
661.460,165365,(
661.548,165387,N
661.580,165395,N
661.616,165404,)
661.688,165422,(
661.760,165440,t
661.780,165445,t
661.884,165471,)
662.172,165543,(
662.264,165566,N
662.288,165572,N
662.324,165581,)
662.396,165599,(
662.488,165622,t
662.488,165622,t
662.596,165649,)
662.888,165722,(
662.980,165745,N
663.004,165751,N
663.040,165760,)
663.120,165780,(
663.192,165798,t
663.208,165802,t
663.308,165827,)
663.456,165864,(
663.488,165872,p
663.520,165880,)
663.612,165903,(
663.700,165925,N
663.728,165932,N
663.760,165940,)
663.840,165960,(
663.920,165980,t
663.928,165982,t
664.044,166011,)
664.176,166044,(
664.208,166052,p
664.244,166061,)
664.336,166084,(
664.424,166106,N
664.452,166113,N
664.488,166122,)
664.560,166140,(
664.656,166164,t
664.656,166164,t
664.780,166195,)
664.916,166229,(
664.940,166235,p
664.976,166244,)
665.068,166267,(
665.160,166290,N
665.184,166296,N
665.216,166304,)
665.300,166325,(
665.392,166348,t
665.396,166349,t
665.508,166377,)
665.664,166416,(
665.688,166422,p
665.724,166431,)
665.816,166454,(
665.904,166476,N
665.932,166483,N
665.968,166492,)
666.044,166511,(
666.136,166534,t
666.140,166535,t
666.244,166561,)
666.404,166601,(
666.428,166607,p
666.448,166612,p
666.464,166616,)
666.556,166639,(
666.644,166661,N
666.668,166667,N
666.704,166676,)
666.780,166695,(
666.872,166718,t
666.884,166721,t
667.000,166750,)
667.384,166846,(
667.400,166850,N
667.428,166857,N
667.460,166865,)
667.544,166886,(
667.636,166909,t
667.636,166909,t
667.736,166934,)
667.916,166979,(
667.940,166985,p
667.972,166993,)
668.052,167013,(
668.144,167036,N
668.168,167042,N
668.200,167050,)
668.288,167072,(
668.380,167095,t
668.384,167096,t
668.504,167126,)
668.680,167170,(
668.704,167176,p
668.728,167182,)
668.784,167196,(
668.872,167218,N
668.900,167225,N
668.936,167234,)
669.012,167253,(
669.104,167276,t
669.108,167277,t
669.228,167307,)
669.444,167361,(
669.468,167367,p
669.492,167373,)
669.544,167386,(
669.636,167409,N
669.660,167415,N
669.696,167424,)
669.776,167444,(
669.856,167464,t
669.864,167466,t
669.960,167490,)
670.160,167540,(
670.184,167546,p
670.212,167553,)
670.264,167566,(
670.356,167589,N
670.380,167595,N
670.416,167604,)
670.500,167625,(
670.580,167645,t
670.592,167648,t
670.704,167676,)
670.880,167720,(
670.908,167727,p
670.928,167732,)
670.984,167746,(
671.076,167769,N
671.104,167776,N
671.136,167784,)
671.216,167804,(
671.312,167828,t
671.320,167830,t
671.440,167860,)
671.640,167910,(
671.664,167916,p
671.684,167921,)
671.816,167954,(
671.828,167957,N
671.856,167964,N
671.892,167973,)
671.968,167992,(
672.052,168013,t
672.060,168015,t
672.160,168040,)
672.372,168093,(
672.396,168099,p
672.424,168106,)
672.560,168140,(
672.568,168142,N
672.596,168149,N
672.628,168157,)
672.708,168177,(
672.796,168199,t
672.812,168203,t
672.924,168231,)
673.092,168273,(
673.112,168278,p
673.136,168284,)
673.268,168317,(
673.288,168322,N
673.312,168328,N
673.344,168336,)
673.428,168357,(
673.516,168379,t
673.528,168382,t
673.600,168400,)
673.872,168468,(
673.892,168473,p
673.916,168479,)
673.972,168493,(
674.064,168516,N
674.092,168523,N
674.128,168532,)
674.204,168551,(
674.300,168575,t
674.320,168580,t
674.380,168595,)
674.664,168666,(
674.688,168672,p
674.712,168678,)
674.768,168692,(
674.860,168715,N
674.888,168722,N
674.924,168731,)
674.996,168749,(
675.092,168773,t
675.108,168777,t
675.172,168793,)
675.412,168853,(
675.476,168869,p
675.532,168883,)
675.624,168906,(
675.644,168911,N
675.668,168917,N
675.704,168926,)
675.788,168947,(
675.876,168969,t
675.888,168972,t
675.956,168989,)
676.260,169065,(
676.292,169073,p
676.316,169079,)
676.340,169085,(
676.428,169107,N
676.456,169114,N
676.488,169122,)
676.572,169143,(
676.660,169165,t
676.680,169170,t
676.744,169186,)
677.112,169278,(
677.136,169284,p
677.164,169291,)
677.256,169314,(
677.276,169319,N
677.304,169326,N
677.340,169335,)
677.416,169354,(
677.512,169378,t
677.528,169382,t
677.584,169396,)
677.744,169436,(
677.776,169444,p
677.908,169477,)
678.028,169507,(
678.120,169530,N
678.144,169536,N
678.176,169544,)
678.264,169566,(
678.356,169589,t
678.360,169590,t
678.424,169606,)
678.832,169708,(
678.920,169730,N
678.948,169737,N
678.984,169746,)
679.064,169766,(
679.156,169789,t
679.168,169792,t
679.236,169809,)
679.644,169911,(
679.732,169933,N
679.760,169940,N
679.796,169949,)
679.876,169969,(
679.972,169993,t
679.984,169996,t
680.048,170012,)
680.360,170090,(
680.384,170096,p
680.404,170101,)
680.460,170115,(
680.552,170138,N
680.576,170144,N
680.612,170153,)
680.696,170174,(
680.788,170197,t
680.792,170198,t
680.864,170216,)
681.144,170286,(
681.168,170292,p
681.188,170297,)
681.244,170311,(
681.336,170334,N
681.360,170340,N
681.396,170349,)
681.484,170371,(
681.572,170393,t
681.584,170396,t
681.656,170414,)
681.932,170483,(
681.952,170488,p
681.976,170494,)
682.028,170507,(
682.116,170529,N
682.144,170536,N
682.180,170545,)
682.260,170565,(
682.344,170586,t
682.352,170588,t
682.452,170613,)
682.680,170670,(
682.704,170676,p
682.728,170682,)
682.776,170694,(
682.868,170717,N
682.892,170723,N
682.928,170732,)
683.012,170753,(
683.096,170774,t
683.104,170776,t
683.200,170800,)
683.412,170853,(
683.440,170860,p
683.464,170866,)
683.516,170879,(
683.608,170902,N
683.636,170909,N
683.672,170918,)
683.748,170937,(
683.816,170954,t
683.840,170960,t
683.940,170985,)
684.124,171031,(
684.148,171037,p
684.172,171043,)
684.228,171057,(
684.320,171080,N
684.344,171086,N
684.380,171095,)
684.460,171115,(
684.528,171132,t
684.548,171137,t
684.676,171169,t
684.688,171172,t
684.784,171196,)
684.832,171208,(
684.840,171210,p
684.864,171216,)
684.916,171229,(
685.004,171251,N
685.028,171257,N
685.064,171266,)
685.140,171285,(
685.204,171301,t
685.228,171307,t
685.328,171332,)
685.604,171401,(
685.692,171423,N
685.720,171430,N
685.756,171439,)
685.832,171458,(
685.920,171480,t
685.928,171482,t
686.012,171503,)
686.272,171568,(
686.364,171591,N
686.388,171597,N
686.420,171605,)
686.500,171625,(
686.572,171643,t
686.592,171648,t
686.700,171675,)
686.820,171705,(
686.852,171713,p
686.868,171717,)
686.924,171731,(
687.016,171754,N
687.040,171760,N
687.076,171769,)
687.152,171788,(
687.220,171805,t
687.240,171810,t
687.344,171836,)
687.512,171878,(
687.544,171886,p
687.564,171891,)
687.620,171905,(
687.708,171927,N
687.732,171933,N
687.768,171942,)
687.844,171961,(
687.932,171983,t
687.940,171985,t
688.032,172008,)
688.156,172039,(
688.188,172047,p
688.220,172055,)
688.304,172076,(
688.392,172098,N
688.420,172105,N
688.456,172114,)
688.540,172135,(
688.620,172155,t
688.636,172159,t
688.748,172187,t
688.752,172188,t
688.812,172203,)
688.956,172239,(
689.052,172263,N
689.076,172269,N
689.112,172278,)
689.196,172299,(
689.280,172320,t
689.292,172323,t
689.368,172342,)
689.472,172368,(
689.500,172375,p
689.528,172382,)
689.620,172405,(
689.712,172428,N
689.736,172434,N
689.772,172443,)
689.848,172462,(
689.936,172484,t
689.940,172485,t
690.028,172507,)
690.284,172571,(
690.372,172593,N
690.400,172600,N
690.436,172609,)
690.516,172629,(
690.580,172645,t
690.604,172651,t
690.696,172674,)
690.956,172739,(
691.044,172761,N
691.072,172768,N
691.108,172777,)
691.184,172796,(
691.248,172812,t
691.268,172817,t
691.364,172841,)
691.468,172867,(
691.504,172876,p
691.528,172882,)
691.616,172904,(
691.708,172927,N
691.732,172933,N
691.768,172942,)
691.848,172962,(
691.908,172977,t
691.928,172982,t
692.028,173007,)
692.140,173035,(
692.172,173043,p
692.196,173049,)
692.288,173072,(
692.380,173095,N
692.404,173101,N
692.440,173110,)
692.516,173129,(
692.592,173148,t
692.604,173151,t
692.700,173175,)
692.832,173208,(
692.848,173212,p
692.868,173217,p
692.896,173224,)
692.988,173247,(
693.076,173269,N
693.104,173276,N
693.140,173285,)
693.212,173303,(
693.292,173323,t
693.304,173326,t
693.404,173351,)
693.532,173383,(
693.564,173391,p
693.600,173400,)
693.684,173421,(
693.776,173444,N
693.804,173451,N
693.840,173460,)
693.912,173478,(
693.988,173497,t
694.000,173500,t
694.104,173526,)
694.384,173596,(
694.476,173619,N
694.496,173624,N
694.532,173633,)
694.608,173652,(
694.676,173669,t
694.696,173674,t
694.784,173696,)
695.076,173769,(
695.164,173791,N
695.192,173798,N
695.228,173807,)
695.296,173824,(
695.380,173845,t
695.392,173848,t
695.488,173872,)
695.628,173907,(
695.660,173915,p
695.692,173923,)
695.780,173945,(
695.868,173967,N
695.892,173973,N
695.932,173983,)
696.012,174003,(
696.096,174024,t
696.100,174025,t
696.204,174051,)
696.492,174123,(
696.584,174146,N
696.608,174152,N
696.644,174161,)
696.720,174180,(
696.796,174199,t
696.808,174202,t
696.908,174227,)
697.188,174297,(
697.280,174320,N
697.300,174325,N
697.336,174334,)
697.416,174354,(
697.488,174372,t
697.504,174376,t
697.600,174400,)
697.892,174473,(
697.980,174495,N
698.008,174502,N
698.048,174512,)
698.116,174529,(
698.180,174545,t
698.208,174552,t
698.308,174577,)
698.588,174647,(
698.680,174670,N
698.704,174676,N
698.740,174685,)
698.812,174703,(
698.872,174718,t
698.900,174725,t
699.000,174750,)
699.284,174821,(
699.376,174844,N
699.396,174849,N
699.432,174858,)
699.512,174878,(
699.580,174895,t
699.600,174900,t
699.692,174923,)
699.828,174957,(
699.860,174965,p
699.892,174973,)
699.980,174995,(
700.068,175017,N
700.096,175024,N
700.136,175034,)
700.208,175052,(
700.276,175069,t
700.296,175074,t
700.396,175099,)
700.676,175169,(
700.764,175191,N
700.792,175198,N
700.832,175208,)
700.896,175224,(
700.976,175244,t
700.988,175247,t
701.092,175273,)
701.372,175343,(
701.460,175365,N
701.488,175372,N
701.524,175381,)
701.600,175400,(
701.680,175420,t
701.688,175422,t
701.788,175447,)
702.072,175518,(
702.164,175541,N
702.188,175547,N
702.224,175556,)
702.304,175576,(
702.384,175596,t
702.396,175599,t
702.492,175623,)
702.792,175698,(
702.880,175720,N
702.912,175728,N
702.948,175737,)
703.020,175755,(
703.108,175777,t
703.112,175778,t
703.216,175804,)
703.360,175840,(
703.392,175848,p
703.428,175857,)
703.512,175878,(
703.600,175900,N
703.628,175907,N
703.664,175916,)
703.740,175935,(
703.828,175957,t
703.828,175957,t
703.944,175986,)
704.088,176022,(
704.120,176030,p
704.156,176039,)
704.240,176060,(
704.332,176083,N
704.356,176089,N
704.392,176098,)
704.472,176118,(
704.560,176140,t
704.568,176142,t
704.684,176171,)
704.820,176205,(
704.848,176212,p
704.884,176221,)
704.972,176243,(
705.064,176266,N
705.088,176272,N
705.124,176281,)
705.200,176300,(
705.296,176324,t
705.300,176325,t
705.416,176354,)
705.564,176391,(
705.592,176398,p
705.624,176406,)
705.716,176429,(
705.804,176451,N
705.832,176458,N
705.868,176467,)
705.944,176486,(
706.036,176509,t
706.044,176511,t
706.148,176537,)
706.304,176576,(
706.336,176584,p
706.372,176593,)
706.456,176614,(
706.544,176636,N
706.572,176643,N
706.608,176652,)
706.692,176673,(
706.772,176693,t
706.776,176694,t
706.892,176723,)
707.040,176760,(
707.068,176767,p
707.104,176776,)
707.192,176798,(
707.284,176821,N
707.308,176827,N
707.344,176836,)
707.428,176857,(
707.504,176876,t
707.516,176879,t
707.620,176905,)
707.772,176943,(
707.804,176951,p
707.836,176959,)
707.924,176981,(
708.012,177003,N
708.044,177011,N
708.080,177020,)
708.152,177038,(
708.228,177057,t
708.244,177061,t
708.348,177087,)
708.496,177124,(
708.528,177132,p
708.564,177141,)
708.648,177162,(
708.736,177184,N
708.768,177192,N
708.804,177201,)
708.880,177220,(
708.952,177238,t
708.972,177243,t
709.076,177269,)
709.216,177304,(
709.248,177312,p
709.284,177321,)
709.372,177343,(
709.464,177366,N
709.488,177372,N
709.520,177380,)
709.600,177400,(
709.668,177417,t
709.692,177423,t
709.788,177447,)
710.084,177521,(
710.172,177543,N
710.200,177550,N
710.236,177559,)
710.312,177578,(
710.392,177598,t
710.404,177601,t
710.512,177628,)
710.800,177700,(
710.888,177722,N
710.912,177728,N
710.952,177738,)
711.024,177756,(
711.112,177778,t
711.120,177780,t
711.252,177813,)
711.388,177847,(
711.416,177854,p
711.452,177863,)
711.540,177885,(
711.628,177907,N
711.656,177914,N
711.692,177923,)
711.772,177943,(
711.860,177965,t
711.864,177966,t
711.980,177995,)
712.136,178034,(
712.164,178041,p
712.200,178050,)
712.364,178091,(
712.380,178095,N
712.408,178102,N
712.440,178110,)
712.524,178131,(
712.616,178154,t
712.620,178155,t
712.724,178181,)
712.880,178220,(
712.908,178227,p
712.944,178236,)
713.100,178275,(
713.120,178280,N
713.152,178288,N
713.188,178297,)
713.264,178316,(
713.360,178340,t
713.360,178340,t
713.460,178365,)
713.640,178410,(
713.668,178417,p
713.676,178419,)
713.792,178448,(
713.880,178470,N
713.908,178477,N
713.944,178486,)
714.024,178506,(
714.116,178529,t
714.128,178532,t
714.204,178551,)
714.416,178604,(
714.444,178611,p
714.480,178620,)
714.644,178661,(
714.656,178664,N
714.684,178671,N
714.720,178680,)
714.800,178700,(
714.892,178723,t
714.904,178726,t
714.976,178744,)
715.208,178802,(
715.236,178809,p
715.248,178812,)
715.364,178841,(
715.452,178863,N
715.480,178870,N
715.512,178878,)
715.596,178899,(
715.688,178922,t
715.696,178924,t
715.768,178942,)
715.996,178999,(
716.020,179005,p
716.032,179008,)
716.148,179037,(
716.240,179060,N
716.268,179067,N
716.300,179075,)
716.384,179096,(
716.476,179119,t
716.484,179121,t
716.556,179139,)
716.792,179198,(
716.816,179204,p
716.828,179207,)
716.944,179236,(
717.032,179258,N
717.060,179265,N
717.096,179274,)
717.176,179294,(
717.272,179318,t
717.276,179319,t
717.356,179339,)
717.568,179392,(
717.592,179398,p
717.608,179402,)
717.720,179430,(
717.812,179453,N
717.836,179459,N
717.868,179467,)
717.960,179490,(
718.052,179513,t
718.052,179513,t
718.144,179536,)
718.332,179583,(
718.356,179589,p
718.380,179595,p
718.392,179598,)
718.484,179621,(
718.572,179643,N
718.600,179650,N
718.632,179658,)
718.720,179680,(
718.808,179702,t
718.812,179703,t
718.904,179726,)
719.076,179769,(
719.104,179776,p
719.140,179785,)
719.224,179806,(
719.312,179828,N
719.340,179835,N
719.376,179844,)
719.452,179863,(
719.528,179882,t
719.540,179885,t
719.632,179908,)
719.792,179948,(
719.820,179955,p
719.860,179965,)
719.940,179985,(
720.028,180007,N
720.056,180014,N
720.088,180022,)
720.164,180041,(
720.236,180059,t
720.252,180063,t
720.396,180099,t
720.408,180102,t
720.496,180124,)
720.524,180131,(
720.556,180139,p
720.576,180144,p
720.612,180153,)
720.720,180180,(
720.728,180182,N
720.756,180189,N
720.784,180196,)
720.860,180215,(
720.936,180234,t
720.952,180238,t
721.088,180272,t
721.112,180278,t
721.212,180303,)
721.340,180335,(
721.432,180358,N
721.460,180365,N
721.492,180373,)
721.568,180392,(
721.636,180409,t
721.656,180414,t
721.788,180447,t
721.804,180451,t
721.896,180474,)
722.024,180506,(
722.112,180528,N
722.144,180536,N
722.176,180544,)
722.248,180562,(
722.316,180579,t
722.332,180583,t
722.472,180618,t
722.484,180621,t
722.564,180641,)
722.696,180674,(
722.788,180697,N
722.812,180703,N
722.844,180711,)
722.920,180730,(
723.000,180750,t
723.012,180753,t
723.108,180777,)
723.380,180845,(
723.464,180866,N
723.496,180874,N
723.528,180882,)
723.600,180900,(
723.668,180917,t
723.688,180922,t
723.784,180946,)
724.048,181012,(
724.140,181035,N
724.168,181042,N
724.200,181050,)
724.272,181068,(
724.340,181085,t
724.364,181091,t
724.464,181116,)
724.572,181143,(
724.604,181151,p
724.628,181157,)
724.724,181181,(
724.816,181204,N
724.836,181209,N
724.872,181218,)
724.952,181238,(
725.008,181252,t
725.040,181260,t
725.132,181283,)
725.408,181352,(
725.496,181374,N
725.528,181382,N
725.560,181390,)
725.636,181409,(
725.712,181428,t
725.720,181430,t
725.820,181455,)
726.084,181521,(
726.172,181543,N
726.200,181550,N
726.236,181559,)
726.308,181577,(
726.396,181599,t
726.400,181600,t
726.496,181624,)
726.852,181713,(
726.864,181716,N
726.896,181724,)
726.984,181746,(
727.048,181762,t
727.076,181769,t
727.172,181793,)
727.268,181817,(
727.304,181826,p
727.304,181826,p
727.320,181830,)
727.396,181849,(
727.524,181881,N
727.540,181885,N
727.576,181894,)
727.656,181914,(
727.728,181932,t
727.756,181939,t
727.856,181964,)
727.980,181995,(
727.992,181998,p
728.016,182004,p
728.040,182010,)
728.136,182034,(
728.224,182056,N
728.248,182062,N
728.284,182071,)
728.356,182089,(
728.444,182111,t
728.452,182113,t
728.564,182141,)
728.848,182212,(
728.932,182233,N
728.960,182240,N
728.996,182249,)
729.068,182267,(
729.164,182291,t
729.172,182293,t
729.296,182324,)
729.416,182354,(
729.448,182362,p
729.480,182370,)
729.668,182417,(
729.692,182423,N
729.724,182431,)
729.804,182451,(
729.896,182474,t
729.904,182476,t
730.032,182508,)
730.168,182542,(
730.196,182549,p
730.228,182557,)
730.400,182600,(
730.416,182604,N
730.440,182610,N
730.472,182618,)
730.556,182639,(
730.656,182664,t
730.656,182664,t
730.736,182684,)
730.948,182737,(
730.972,182743,p
730.980,182745,)
731.100,182775,(
731.184,182796,N
731.216,182804,N
731.248,182812,)
731.328,182832,(
731.420,182855,t
731.424,182856,t
731.500,182875,)
731.732,182933,(
731.756,182939,p
731.772,182943,)
731.888,182972,(
731.976,182994,N
732.004,183001,N
732.040,183010,)
732.116,183029,(
732.208,183052,t
732.216,183054,t
732.284,183071,)
732.564,183141,(
732.584,183146,p
732.620,183155,)
732.788,183197,(
732.800,183200,N
732.828,183207,N
732.864,183216,)
732.944,183236,(
733.032,183258,t
733.052,183263,t
733.112,183278,)
733.540,183385,(
733.632,183408,N
733.664,183416,N
733.696,183424,)
733.780,183445,(
733.864,183466,t
733.868,183467,t
733.940,183485,)
734.204,183551,(
734.240,183560,p
734.260,183565,)
734.348,183587,(
734.440,183610,N
734.468,183617,N
734.500,183625,)
734.588,183647,(
734.676,183669,t
734.676,183669,t
734.752,183688,)
735.156,183789,(
735.248,183812,N
735.272,183818,N
735.304,183826,)
735.392,183848,(
735.484,183871,t
735.496,183874,t
735.560,183890,)
735.772,183943,(
735.840,183960,p
735.892,183973,)
735.912,183978,(
736.004,184001,N
736.028,184007,N
736.060,184015,)
736.144,184036,(
736.240,184060,t
736.244,184061,t
736.332,184083,)
736.408,184102,(
736.468,184117,p
736.568,184142,)
736.624,184156,(
736.648,184162,p
736.676,184169,)
736.696,184174,(
736.792,184198,N
736.816,184204,N
736.848,184212,)
736.936,184234,(
737.032,184258,t
737.032,184258,t
737.140,184285,)
737.328,184332,(
737.352,184338,p
737.376,184344,)
737.432,184358,(
737.528,184382,N
737.548,184387,N
737.580,184395,)
737.664,184416,(
737.760,184440,t
737.764,184441,t
737.892,184473,)
738.104,184526,(
738.124,184531,p
738.148,184537,)
738.204,184551,(
738.292,184573,N
738.320,184580,N
738.352,184588,)
738.428,184607,(
738.524,184631,t
738.528,184632,t
738.612,184653,)
738.896,184724,(
738.920,184730,p
738.948,184737,)
738.972,184743,(
739.064,184766,N
739.084,184771,N
739.120,184780,)
739.208,184802,(
739.300,184825,t
739.300,184825,t
739.392,184848,)
739.624,184906,(
739.644,184911,p
739.672,184918,)
739.728,184932,(
739.816,184954,N
739.848,184962,N
739.880,184970,)
739.964,184991,(
740.060,185015,t
740.072,185018,t
740.140,185035,)
740.400,185100,(
740.420,185105,p
740.444,185111,)
740.504,185126,(
740.592,185148,N
740.620,185155,N
740.652,185163,)
740.728,185182,(
740.824,185206,t
740.840,185210,t
740.912,185228,)
741.184,185296,(
741.204,185301,p
741.228,185307,)
741.368,185342,(
741.372,185343,N
741.400,185350,N
741.432,185358,)
741.512,185378,(
741.600,185400,t
741.616,185404,t
741.688,185422,)
741.952,185488,(
741.976,185494,p
741.996,185499,)
742.128,185532,(
742.140,185535,N
742.168,185542,N
742.204,185551,)
742.280,185570,(
742.376,185594,t
742.388,185597,t
742.460,185615,)
742.732,185683,(
742.752,185688,p
742.776,185694,)
742.832,185708,(
742.920,185730,N
742.952,185738,N
742.984,185746,)
743.068,185767,(
743.160,185790,t
743.168,185792,t
743.240,185810,)
743.512,185878,(
743.532,185883,p
743.556,185889,)
743.612,185903,(
743.704,185926,N
743.732,185933,N
743.764,185941,)
743.848,185962,(
743.940,185985,t
743.952,185988,t
744.028,186007,)
744.288,186072,(
744.312,186078,p
744.336,186084,)
744.388,186097,(
744.476,186119,N
744.504,186126,N
744.540,186135,)
744.620,186155,(
744.704,186176,t
744.712,186178,t
744.808,186202,)
745.048,186262,(
745.068,186267,p
745.092,186273,)
745.144,186286,(
745.232,186308,N
745.260,186315,N
745.296,186324,)
745.372,186343,(
745.464,186366,t
745.472,186368,t
745.564,186391,)
745.800,186450,(
745.824,186456,p
745.848,186462,)
745.900,186475,(
745.992,186498,N
746.016,186504,N
746.052,186513,)
746.136,186534,(
746.224,186556,t
746.236,186559,t
746.320,186580,)
746.572,186643,(
746.592,186648,p
746.616,186654,)
746.736,186684,(
746.760,186690,N
746.788,186697,N
746.820,186705,)
746.904,186726,(
746.992,186748,t
747.008,186752,t
747.084,186771,)
747.336,186834,(
747.360,186840,p
747.384,186846,)
747.436,186859,(
747.524,186881,N
747.552,186888,N
747.588,186897,)
747.668,186917,(
747.760,186940,t
747.772,186943,t
747.852,186963,)
748.100,187025,(
748.120,187030,p
748.144,187036,)
748.200,187050,(
748.288,187072,N
748.316,187079,N
748.352,187088,)
748.432,187108,(
748.520,187130,t
748.528,187132,t
748.612,187153,)
748.868,187217,(
748.888,187222,p
748.912,187228,)
748.964,187241,(
749.056,187264,N
749.084,187271,N
749.120,187280,)
749.200,187300,(
749.288,187322,t
749.304,187326,t
749.376,187344,)
749.640,187410,(
749.660,187415,p
749.684,187421,)
749.740,187435,(
749.828,187457,N
749.852,187463,N
749.888,187472,)
749.968,187492,(
750.060,187515,t
750.072,187518,t
750.144,187536,)
750.420,187605,(
750.440,187610,p
750.464,187616,)
750.584,187646,(
750.608,187652,N
750.636,187659,N
750.668,187667,)
750.752,187688,(
750.840,187710,t
750.856,187714,t
750.924,187731,)
751.192,187798,(
751.212,187803,p
751.236,187809,)
751.288,187822,(
751.376,187844,N
751.404,187851,N
751.436,187859,)
751.516,187879,(
751.604,187901,t
751.608,187902,t
751.692,187923,)
751.964,187991,(
751.984,187996,p
752.008,188002,)
752.060,188015,(
752.152,188038,N
752.176,188044,N
752.212,188053,)
752.296,188074,(
752.384,188096,t
752.396,188099,t
752.472,188118,)
752.784,188196,(
752.784,188196,p
752.812,188203,)
752.832,188208,(
752.928,188232,N
752.952,188238,N
752.984,188246,)
753.076,188269,(
753.164,188291,t
753.180,188295,t
753.248,188312,)
753.336,188334,(
753.372,188343,p
753.496,188374,)
753.536,188384,(
753.536,188384,p
753.564,188391,)
753.588,188397,(
753.676,188419,N
753.704,188426,N
753.740,188435,)
753.820,188455,(
753.916,188479,t
753.928,188482,t
754.012,188503,)
754.224,188556,(
754.248,188562,p
754.264,188566,p
754.280,188570,)
754.368,188592,(
754.456,188614,N
754.484,188621,N
754.520,188630,)
754.600,188650,(
754.692,188673,t
754.704,188676,t
754.784,188696,)
754.976,188744,(
755.000,188750,p
755.024,188756,p
755.040,188760,)
755.124,188781,(
755.216,188804,N
755.244,188811,N
755.280,188820,)
755.360,188840,(
755.452,188863,t
755.472,188868,t
755.556,188889,)
755.748,188937,(
755.828,188957,p
755.928,188982,)
755.968,188992,(
755.992,188998,N
756.016,189004,N
756.048,189012,)
756.132,189033,(
756.228,189057,t
756.236,189059,t
756.324,189081,)
756.492,189123,(
756.516,189129,p
756.524,189131,)
756.644,189161,(
756.736,189184,N
756.760,189190,N
756.796,189199,)
756.880,189220,(
756.972,189243,t
756.972,189243,t
757.080,189270,)
757.248,189312,(
757.272,189318,p
757.304,189326,)
757.396,189349,(
757.484,189371,N
757.516,189379,N
757.548,189387,)
757.632,189408,(
757.712,189428,t
757.724,189431,t
757.828,189457,)
757.984,189496,(
758.012,189503,p
758.048,189512,)
758.136,189534,(
758.224,189556,N
758.252,189563,N
758.288,189572,)
758.368,189592,(
758.444,189611,t
758.464,189616,t
758.572,189643,)
758.716,189679,(
758.744,189686,p
758.780,189695,)
758.948,189737,(
758.964,189741,N
758.984,189746,N
759.020,189755,)
759.108,189777,(
759.184,189796,t
759.196,189799,t
759.304,189826,)
759.452,189863,(
759.480,189870,p
759.512,189878,)
759.604,189901,(
759.692,189923,N
759.724,189931,N
759.760,189940,)
759.856,189964,(
759.904,189976,t
759.920,189980,t
760.044,190011,)
760.168,190042,(
760.188,190047,p
760.192,190048,p
760.216,190054,)
760.312,190078,(
760.400,190100,N
760.428,190107,N
760.472,190118,)
760.540,190135,(
760.608,190152,t
760.636,190159,t
760.784,190196,t
760.800,190200,t
760.852,190213,)
760.896,190224,(
760.932,190233,p
760.976,190244,)
761.004,190251,(
761.096,190274,N
761.120,190280,N
761.160,190290,)
761.368,190342,(
761.432,190358,t
761.456,190364,)
761.532,190383,(
761.540,190385,p
761.564,190391,p
761.592,190398,)
761.680,190420,(
761.772,190443,N
761.800,190450,N
761.840,190460,)
761.940,190485,(
762.004,190501,t
762.016,190504,t
762.084,190521,)
762.232,190558,(
762.256,190564,p
762.296,190574,)
762.356,190589,(
762.436,190609,N
762.464,190616,N
762.496,190624,)
762.580,190645,(
762.668,190667,t
762.692,190673,t
762.748,190687,)
762.880,190720,(
762.908,190727,p
762.956,190739,p
762.964,190741,)
763.068,190767,(
763.080,190770,N
763.104,190776,N
763.136,190784,)
763.216,190804,(
763.296,190824,t
763.324,190831,t
763.388,190847,)
763.604,190901,(
763.692,190923,N
763.716,190929,N
763.748,190937,)
763.832,190958,(
763.916,190979,t
763.940,190985,t
764.024,191006,)
764.184,191046,(
764.200,191050,p
764.240,191060,)
764.252,191063,(
764.304,191076,N
764.324,191081,N
764.364,191091,)
764.444,191111,(
764.516,191129,t
764.528,191132,t
764.628,191157,t
764.632,191158,)
764.796,191199,(
764.812,191203,p
764.856,191214,)
764.868,191217,(
764.920,191230,N
764.944,191236,N
764.984,191246,)
765.064,191266,(
765.108,191277,t
765.144,191286,t
765.236,191309,)
765.312,191328,(
765.344,191336,p
765.372,191343,)
765.472,191368,(
765.560,191390,N
765.584,191396,N
765.624,191406,)
765.704,191426,(
765.784,191446,t
765.788,191447,t
765.904,191476,)
766.004,191501,(
766.028,191507,p
766.028,191507,p
766.060,191515,)
766.164,191541,(
766.256,191564,N
766.280,191570,N
766.312,191578,)
766.392,191598,(
766.484,191621,t
766.484,191621,t
766.620,191655,)
766.760,191690,(
766.788,191697,p
766.820,191705,)
766.944,191736,(
767.032,191758,N
767.060,191765,N
767.096,191774,)
767.176,191794,(
767.256,191814,t
767.268,191817,t
767.384,191846,)
767.548,191887,(
767.572,191893,p
767.596,191899,)
767.668,191917,(
767.756,191939,N
767.784,191946,N
767.820,191955,)
767.900,191975,(
767.988,191997,t
767.992,191998,t
768.080,192020,)
768.324,192081,(
768.348,192087,p
768.372,192093,)
768.512,192128,(
768.524,192131,N
768.552,192138,N
768.588,192147,)
768.668,192167,(
768.760,192190,t
768.772,192193,t
768.844,192211,)
769.172,192293,(
769.200,192300,p
769.236,192309,)
769.340,192335,(
769.352,192338,N
769.372,192343,N
769.408,192352,)
769.492,192373,(
769.588,192397,t
769.588,192397,t
769.660,192415,)
769.760,192440,(
769.872,192468,p
769.936,192484,)
770.060,192515,(
770.148,192537,N
770.172,192543,N
770.208,192552,)
770.292,192573,(
770.384,192596,t
770.396,192599,t
770.468,192617,)
770.792,192698,(
770.816,192704,p
770.840,192710,)
770.896,192724,(
770.988,192747,N
771.012,192753,N
771.048,192762,)
771.136,192784,(
771.224,192806,t
771.240,192810,t
771.300,192825,)
772.004,193001,(
772.028,193007,p
772.068,193017,)
772.216,193054,(
772.244,193061,N
772.260,193065,N
772.304,193076,)
772.396,193099,(
772.472,193118,t
772.484,193121,t
772.572,193143,)
772.984,193246,(
773.004,193251,p
773.016,193254,)
773.128,193282,(
773.216,193304,N
773.244,193311,N
773.280,193320,)
773.368,193342,(
773.456,193364,t
773.460,193365,t
773.556,193389,)
773.904,193476,(
773.928,193482,p
773.964,193491,)
774.132,193533,(
774.140,193535,N
774.160,193540,N
774.196,193549,)
774.296,193574,(
774.392,193598,t
774.396,193599,t
774.480,193620,)
774.760,193690,(
774.784,193696,p
774.816,193704,)
774.904,193726,(
774.996,193749,N
775.020,193755,N
775.060,193765,)
775.144,193786,(
775.244,193811,t
775.252,193813,t
775.316,193829,)
775.576,193894,(
775.600,193900,p
775.620,193905,p
775.636,193909,)
775.724,193931,(
775.812,193953,N
775.836,193959,N
775.872,193968,)
775.964,193991,(
776.060,194015,t
776.064,194016,t
776.132,194033,)
776.380,194095,(
776.404,194101,p
776.440,194110,)
776.596,194149,(
776.620,194155,N
776.640,194160,N
776.676,194169,)
776.768,194192,(
776.860,194215,t
776.864,194216,t
776.936,194234,)
777.160,194290,(
777.184,194296,p
777.216,194304,p
777.220,194305,)
777.308,194327,(
777.396,194349,N
777.424,194356,N
777.460,194365,)
777.548,194387,(
777.644,194411,t
777.652,194413,t
777.720,194430,)
777.936,194484,(
777.964,194491,p
777.972,194493,)
778.088,194522,(
778.176,194544,N
778.204,194551,N
778.240,194560,)
778.328,194582,(
778.408,194602,t
778.420,194605,t
778.500,194625,)
778.740,194685,(
778.768,194692,p
778.808,194702,)
778.972,194743,(
778.980,194745,N
779.008,194752,N
779.040,194760,)
779.124,194781,(
779.220,194805,t
779.224,194806,t
779.296,194824,)
779.648,194912,(
779.656,194914,p
779.668,194917,)
779.756,194939,(
779.780,194945,N
779.804,194951,N
779.840,194960,)
779.928,194982,(
780.020,195005,t
780.024,195006,t
780.092,195023,)
780.384,195096,(
780.436,195109,p
780.444,195111,p
780.472,195118,)
780.504,195126,(
780.592,195148,N
780.620,195155,N
780.656,195164,)
780.744,195186,(
780.836,195209,t
780.844,195211,t
780.916,195229,)
781.188,195297,(
781.208,195302,p
781.248,195312,)
781.420,195355,(
781.428,195357,N
781.456,195364,N
781.488,195372,)
781.576,195394,(
781.668,195417,t
781.684,195421,t
781.744,195436,)
782.056,195514,(
782.084,195521,p
782.120,195530,)
782.284,195571,(
782.300,195575,N
782.324,195581,N
782.356,195589,)
782.440,195610,(
782.540,195635,t
782.540,195635,t
782.612,195653,)
782.904,195726,(
782.928,195732,p
782.968,195742,)
783.056,195764,(
783.144,195786,N
783.168,195792,N
783.204,195801,)
783.292,195823,(
783.388,195847,t
783.396,195849,t
783.456,195864,)
783.756,195939,(
783.780,195945,p
783.792,195948,)
783.904,195976,(
783.996,195999,N
784.020,196005,N
784.056,196014,)
784.140,196035,(
784.244,196061,t
784.256,196064,t
784.316,196079,)
784.612,196153,(
784.636,196159,p
784.672,196168,)
784.844,196211,(
784.852,196213,N
784.876,196219,N
784.912,196228,)
785.000,196250,(
785.100,196275,t
785.112,196278,t
785.172,196293,)
785.476,196369,(
785.504,196376,p
785.536,196384,)
785.708,196427,(
785.720,196430,N
785.744,196436,N
785.776,196444,)
785.864,196466,(
785.964,196491,t
785.972,196493,t
786.044,196511,)
786.316,196579,(
786.340,196585,p
786.376,196594,)
786.464,196616,(
786.552,196638,N
786.580,196645,N
786.612,196653,)
786.700,196675,(
786.788,196697,t
786.796,196699,t
786.868,196717,)
787.184,196796,(
787.196,196799,p
787.240,196810,p
787.268,196817,)
787.300,196825,(
787.392,196848,N
787.416,196854,N
787.452,196863,)
787.540,196885,(
787.636,196909,t
787.648,196912,t
787.708,196927,)
787.964,196991,(
787.988,196997,p
788.020,197005,)
788.112,197028,(
788.204,197051,N
788.228,197057,N
788.260,197065,)
788.348,197087,(
788.444,197111,t
788.456,197114,t
788.516,197129,)
788.784,197196,(
788.804,197201,p
788.836,197209,p
788.864,197216,)
788.900,197225,(
788.988,197247,N
789.012,197253,N
789.048,197262,)
789.140,197285,(
789.232,197308,t
789.232,197308,t
789.308,197327,)
789.544,197386,(
789.568,197392,p
789.608,197402,)
789.692,197423,(
789.784,197446,N
789.812,197453,N
789.844,197461,)
789.932,197483,(
790.028,197507,t
790.036,197509,t
790.108,197527,)
790.336,197584,(
790.360,197590,p
790.400,197600,)
790.488,197622,(
790.580,197645,N
790.604,197651,N
790.636,197659,)
791.232,197808,(
791.376,197844,N
791.416,197854,)
791.448,197862,(
791.600,197900,t
791.708,197927,)
791.872,197968,(
791.896,197974,p
791.904,197976,)
792.020,198005,(
792.108,198027,N
792.136,198034,N
792.172,198043,)
792.252,198063,(
792.348,198087,t
792.364,198091,t
792.448,198112,)
792.640,198160,(
792.664,198166,p
792.672,198168,)
792.788,198197,(
792.880,198220,N
792.904,198226,N
792.936,198234,)
793.024,198256,(
793.120,198280,t
793.124,198281,t
793.232,198308,)
793.392,198348,(
793.420,198355,p
793.428,198357,)
793.544,198386,(
793.636,198409,N
793.660,198415,N
793.696,198424,)
793.780,198445,(
793.876,198469,t
793.888,198472,t
793.980,198495,)
794.132,198533,(
794.136,198534,p
794.172,198543,)
794.292,198573,(
794.384,198596,N
794.412,198603,N
794.448,198612,)
794.524,198631,(
794.620,198655,t
794.620,198655,t
794.720,198680,)
794.872,198718,(
794.900,198725,p
794.936,198734,)
795.020,198755,(
795.112,198778,N
795.140,198785,N
795.172,198793,)
795.252,198813,(
795.332,198833,t
795.348,198837,t
795.476,198869,t
795.476,198869,t
795.576,198894,)
795.712,198928,(
795.804,198951,N
795.832,198958,N
795.868,198967,)
795.972,198993,(
796.036,199009,t
796.048,199012,t
796.184,199046,t
796.188,199047,t
796.224,199056,)
796.236,199059,(
796.260,199065,p
796.264,199066,)
796.384,199096,(
796.476,199119,N
796.500,199125,N
796.532,199133,)
796.652,199163,(
796.716,199179,t
796.728,199182,t
796.816,199204,)
797.036,199259,(
797.124,199281,N
797.152,199288,N
797.184,199296,)
797.264,199316,(
797.356,199339,t
797.376,199344,t
797.448,199362,)
797.660,199415,(
797.748,199437,N
797.772,199443,N
797.804,199451,)
797.892,199473,(
797.976,199494,t
797.996,199499,t
798.068,199517,)
798.128,199532,(
798.152,199538,p
798.156,199539,p
798.184,199546,)
798.276,199569,(
798.360,199590,N
798.388,199597,N
798.420,199605,)
798.504,199626,(
798.588,199647,t
798.604,199651,t
798.684,199671,)
798.968,199742,(
798.972,199743,N
798.996,199749,N
799.032,199758,)
799.116,199779,(
799.200,199800,t
799.200,199800,t
799.308,199827,)
799.496,199874,(
799.588,199897,N
799.612,199903,N
799.648,199912,)
799.728,199932,(
799.804,199951,t
799.816,199954,t
799.908,199977,t
799.924,199981,)
800.116,200029,(
800.204,200051,N
800.232,200058,N
800.268,200067,)
800.352,200088,(
800.396,200099,t
800.424,200106,t
800.544,200136,)
800.740,200185,(
800.828,200207,N
800.856,200214,N
800.892,200223,)
800.968,200242,(
801.056,200264,t
801.060,200265,t
801.156,200289,)
801.352,200338,(
801.404,200351,p
801.408,200352,)
801.528,200382,(
801.544,200386,N
801.580,200395,)
801.660,200415,(
801.752,200438,t
801.760,200440,t
801.844,200461,)
802.100,200525,(
802.116,200529,p
802.156,200539,)
802.312,200578,(
802.400,200600,N
802.432,200608,N
802.468,200617,)
802.536,200634,(
802.636,200659,t
802.656,200664,t
802.752,200688,)
802.972,200743,(
802.996,200749,p
803.032,200758,)
803.144,200786,(
803.236,200809,N
803.260,200815,N
803.296,200824,)
803.376,200844,(
803.472,200868,t
803.488,200872,t
803.552,200888,)
803.908,200977,(
803.936,200984,p
803.976,200994,)
804.156,201039,(
804.164,201041,N
804.188,201047,N
804.228,201057,)
804.308,201077,(
804.408,201102,t
804.412,201103,t
804.500,201125,)
804.964,201241,(
804.964,201241,p
804.992,201248,p
805.000,201250,)
805.100,201275,(
805.112,201278,N
805.140,201285,N
805.176,201294,)
805.256,201314,(
805.352,201338,t
805.364,201341,t
805.456,201364,)
805.800,201450,(
805.820,201455,p
805.860,201465,)
806.040,201510,(
806.060,201515,N
806.096,201524,)
806.188,201547,(
806.284,201571,t
806.292,201573,t
806.376,201594,)
806.712,201678,(
806.736,201684,p
806.756,201689,p
806.772,201693,)
806.860,201715,(
806.948,201737,N
806.976,201744,N
807.012,201753,)
807.096,201774,(
807.196,201799,t
807.208,201802,t
807.292,201823,)
807.584,201896,(
807.608,201902,p
807.640,201910,)
807.728,201932,(
807.820,201955,N
807.844,201961,N
807.884,201971,)
807.964,201991,(
808.064,202016,t
808.076,202019,t
808.348,202087,)
808.420,202105,(
808.444,202111,p
808.468,202117,)
808.524,202131,(
808.616,202154,N
808.644,202161,N
808.680,202170,)
808.772,202193,(
808.868,202217,t
808.872,202218,t
808.948,202237,)
809.208,202302,(
809.228,202307,p
809.256,202314,)
809.304,202326,(
809.392,202348,N
809.420,202355,N
809.460,202365,)
809.540,202385,(
809.636,202409,t
809.652,202413,t
809.724,202431,)
809.968,202492,(
809.988,202497,p
810.012,202503,)
810.060,202515,(
810.148,202537,N
810.176,202544,N
810.212,202553,)
810.296,202574,(
810.388,202597,t
810.400,202600,t
810.492,202623,)
810.744,202686,(
810.764,202691,p
810.792,202698,)
810.840,202710,(
810.928,202732,N
810.956,202739,N
810.992,202748,)
811.072,202768,(
811.168,202792,t
811.176,202794,t
811.276,202819,)
811.468,202867,(
811.488,202872,p
811.516,202879,)
811.568,202892,(
811.656,202914,N
811.684,202921,N
811.720,202930,)
811.800,202950,(
811.896,202974,t
811.912,202978,t
811.996,202999,)
812.232,203058,(
812.256,203064,p
812.284,203071,)
812.400,203100,(
812.420,203105,N
812.448,203112,N
812.484,203121,)
812.564,203141,(
812.660,203165,t
812.676,203169,t
812.748,203187,)
813.040,203260,(
813.060,203265,p
813.088,203272,)
813.216,203304,(
813.228,203307,N
813.256,203314,N
813.292,203323,)
813.372,203343,(
813.468,203367,t
813.488,203372,t
813.552,203388,)
813.856,203464,(
813.880,203470,p
813.904,203476,)
813.960,203490,(
814.048,203512,N
814.072,203518,N
814.108,203527,)
814.188,203547,(
814.284,203571,t
814.300,203575,t
814.364,203591,)
814.764,203691,(
814.852,203713,N
814.880,203720,N
814.916,203729,)
815.000,203750,(
815.096,203774,t
815.112,203778,t
815.180,203795,)
815.588,203897,(
815.676,203919,N
815.708,203927,N
815.744,203936,)
815.824,203956,(
815.916,203979,t
815.924,203981,t
816.000,204000,)
816.284,204071,(
816.308,204077,p
816.328,204082,)
816.384,204096,(
816.472,204118,N
816.500,204125,N
816.536,204134,)
816.616,204154,(
816.712,204178,t
816.724,204181,t
816.792,204198,)
817.068,204267,(
817.088,204272,p
817.112,204278,)
817.168,204292,(
817.252,204313,N
817.280,204320,N
817.320,204330,)
817.396,204349,(
817.492,204373,t
817.512,204378,t
817.576,204394,)
817.860,204465,(
817.884,204471,p
817.908,204477,)
818.032,204508,(
818.048,204512,N
818.076,204519,N
818.116,204529,)
818.196,204549,(
818.288,204572,t
818.308,204577,t
818.372,204593,)
818.652,204663,(
818.672,204668,p
818.696,204674,)
818.820,204705,(
818.840,204710,N
818.868,204717,N
818.900,204725,)
818.984,204746,(
819.076,204769,t
819.084,204771,t
819.156,204789,)
819.436,204859,(
819.460,204865,p
819.484,204871,)
819.536,204884,(
819.624,204906,N
819.652,204913,N
819.688,204922,)
819.768,204942,(
819.864,204966,t
819.880,204970,t
819.948,204987,)
820.232,205058,(
820.248,205062,p
820.272,205068,)
820.324,205081,(
820.416,205104,N
820.440,205110,N
820.476,205119,)
820.556,205139,(
820.652,205163,t
820.664,205166,t
820.728,205182,)
821.160,205290,(
821.176,205294,N
821.200,205300,N
821.236,205309,)
821.320,205330,(
821.420,205355,t
821.432,205358,t
821.504,205376,)
821.788,205447,(
821.812,205453,p
821.836,205459,)
821.888,205472,(
821.976,205494,N
822.004,205501,N
822.044,205511,)
822.128,205532,(
822.220,205555,t
822.232,205558,t
822.300,205575,)
822.592,205648,(
822.612,205653,p
822.640,205660,)
822.692,205673,(
822.780,205695,N
822.804,205701,N
822.844,205711,)
822.924,205731,(
823.016,205754,t
823.016,205754,t
823.100,205775,)
823.400,205850,(
823.424,205856,p
823.448,205862,)
823.548,205887,(
823.560,205890,N
823.584,205896,N
823.620,205905,)
823.708,205927,(
823.800,205950,t
823.808,205952,t
823.880,205970,)
824.196,206049,(
824.220,206055,p
824.244,206061,)
824.268,206067,(
824.352,206088,N
824.384,206096,N
824.420,206105,)
824.500,206125,(
824.596,206149,t
824.604,206151,t
824.688,206172,)
824.956,206239,(
824.976,206244,p
825.000,206250,)
825.052,206263,(
825.140,206285,N
825.168,206292,N
825.204,206301,)
825.288,206322,(
825.380,206345,t
825.396,206349,t
825.484,206371,)
825.712,206428,(
825.732,206433,p
825.760,206440,)
825.812,206453,(
825.904,206476,N
825.928,206482,N
825.964,206491,)
826.044,206511,(
826.140,206535,t
826.148,206537,t
826.252,206563,)
826.444,206611,(
826.468,206617,p
826.492,206623,)
826.548,206637,(
826.632,206658,N
826.664,206666,N
826.700,206675,)
826.776,206694,(
826.872,206718,t
826.888,206722,t
827.004,206751,)
827.212,206803,(
827.236,206809,p
827.264,206816,)
827.316,206829,(
827.404,206851,N
827.432,206858,N
827.468,206867,)
827.552,206888,(
827.644,206911,t
827.648,206912,t
827.744,206936,)
827.964,206991,(
827.988,206997,p
828.016,207004,)
828.068,207017,(
828.156,207039,N
828.184,207046,N
828.216,207054,)
828.300,207075,(
828.392,207098,t
828.392,207098,t
828.496,207124,)
828.680,207170,(
828.704,207176,p
828.728,207182,)
828.780,207195,(
828.868,207217,N
828.896,207224,N
828.932,207233,)
829.008,207252,(
829.104,207276,t
829.112,207278,t
829.248,207312,)
829.432,207358,(
829.456,207364,p
829.480,207370,)
829.536,207384,(
829.624,207406,N
829.656,207414,N
829.688,207422,)
829.760,207440,(
829.856,207464,t
829.856,207464,t
829.956,207489,)
830.148,207537,(
830.176,207544,p
830.212,207553,)
830.288,207572,(
830.380,207595,N
830.404,207601,N
830.440,207610,)
830.520,207630,(
830.612,207653,t
830.620,207655,t
830.720,207680,)
830.880,207720,(
830.904,207726,p
830.932,207733,)
831.076,207769,(
831.084,207771,N
831.108,207777,N
831.144,207786,)
831.228,207807,(
831.320,207830,t
831.324,207831,t
831.448,207862,)
831.612,207903,(
831.632,207908,p
831.648,207912,p
831.664,207916,)
831.756,207939,(
831.844,207961,N
831.876,207969,N
831.912,207978,)
831.988,207997,(
832.076,208019,t
832.076,208019,t
832.180,208045,)
832.324,208081,(
832.348,208087,p
832.384,208096,)
832.472,208118,(
832.564,208141,N
832.588,208147,N
832.624,208156,)
832.704,208176,(
832.796,208199,t
832.796,208199,t
832.912,208228,)
833.052,208263,(
833.080,208270,p
833.116,208279,)
833.260,208315,(
833.292,208323,N
833.324,208331,N
833.360,208340,)
833.436,208359,(
833.528,208382,t
833.536,208384,t
833.648,208412,)
833.788,208447,(
833.816,208454,p
833.852,208463,)
833.940,208485,(
834.028,208507,N
834.056,208514,N
834.092,208523,)
834.168,208542,(
834.264,208566,t
834.272,208568,t
834.388,208597,)
834.536,208634,(
834.560,208640,p
834.596,208649,)
834.684,208671,(
834.772,208693,N
834.804,208701,N
834.840,208710,)
834.912,208728,(
835.008,208752,t
835.016,208754,t
835.116,208779,)
835.276,208819,(
835.304,208826,p
835.324,208831,p
835.340,208835,)
835.424,208856,(
835.516,208879,N
835.540,208885,N
835.576,208894,)
835.656,208914,(
835.748,208937,t
835.752,208938,t
835.860,208965,)
836.008,209002,(
836.032,209008,p
836.048,209012,p
836.068,209017,)
836.156,209039,(
836.244,209061,N
836.276,209069,N
836.308,209077,)
836.388,209097,(
836.484,209121,t
836.496,209124,t
836.600,209150,)
836.752,209188,(
836.776,209194,p
836.792,209198,p
836.808,209202,)
836.900,209225,(
836.988,209247,N
837.016,209254,N
837.052,209263,)
837.128,209282,(
837.224,209306,t
837.240,209310,t
837.340,209335,)
837.728,209432,(
837.740,209435,N
837.768,209442,N
837.804,209451,)
837.880,209470,(
837.976,209494,t
837.988,209497,t
838.088,209522,)
838.460,209615,(
838.480,209620,N
838.504,209626,N
838.540,209635,)
838.616,209654,(
838.712,209678,t
838.724,209681,t
838.836,209709,)
838.984,209746,(
839.012,209753,p
839.028,209757,p
839.044,209761,)
839.132,209783,(
839.224,209806,N
839.252,209813,N
839.288,209822,)
839.364,209841,(
839.456,209864,t
839.464,209866,t
839.572,209893,)
839.732,209933,(
839.760,209940,p
839.796,209949,)
839.884,209971,(
839.972,209993,N
840.000,210000,N
840.040,210010,)
840.116,210029,(
840.208,210052,t
840.216,210054,t
840.332,210083,)
840.488,210122,(
840.516,210129,p
840.548,210137,)
840.640,210160,(
840.732,210183,N
840.760,210190,N
840.792,210198,)
840.876,210219,(
840.972,210243,t
840.976,210244,t
841.076,210269,)
841.244,210311,(
841.268,210317,p
841.304,210326,)
841.392,210348,(
841.480,210370,N
841.512,210378,N
841.548,210387,)
841.620,210405,(
841.716,210429,t
841.728,210432,t
841.828,210457,)
841.980,210495,(
842.004,210501,p
842.024,210506,p
842.040,210510,)
842.128,210532,(
842.216,210554,N
842.244,210561,N
842.280,210570,)
842.356,210589,(
842.448,210612,t
842.456,210614,t
842.572,210643,)
842.956,210739,(
842.964,210741,N
842.992,210748,N
843.024,210756,)
843.104,210776,(
843.196,210799,t
843.204,210801,t
843.320,210830,)
843.468,210867,(
843.492,210873,p
843.528,210882,)
843.704,210926,(
843.712,210928,N
843.736,210934,N
843.768,210942,)
843.848,210962,(
843.948,210987,t
843.956,210989,t
844.056,211014,)
844.228,211057,(
844.252,211063,p
844.288,211072,)
844.380,211095,(
844.468,211117,N
844.496,211124,N
844.540,211135,)
844.600,211150,(
844.704,211176,t
844.712,211178,t
844.824,211206,)
844.972,211243,(
845.000,211250,p
845.040,211260,)
845.128,211282,(
845.220,211305,N
845.244,211311,N
845.280,211320,)
845.372,211343,(
845.464,211366,t
845.464,211366,t
845.576,211394,)
845.728,211432,(
845.756,211439,p
845.784,211446,)
845.876,211469,(
845.948,211487,N
845.964,211491,N
846.024,211506,)
846.112,211528,(
846.200,211550,t
846.208,211552,t
846.312,211578,)
846.456,211614,(
846.484,211621,p
846.520,211630,)
846.672,211668,(
846.696,211674,N
846.716,211679,N
846.752,211688,)
846.852,211713,(
846.916,211729,t
846.940,211735,t
847.044,211761,)
847.264,211816,(
847.272,211818,p
847.304,211826,p
847.356,211839,)
847.400,211850,(
847.416,211854,N
847.440,211860,N
847.468,211867,)
847.552,211888,(
847.628,211907,t
847.656,211914,t
847.740,211935,)
848.048,212012,(
848.136,212034,N
848.164,212041,N
848.200,212050,)
848.284,212071,(
848.356,212089,t
848.372,212093,t
848.496,212124,t
848.520,212130,t
848.612,212153,)
848.760,212190,(
848.848,212212,N
848.872,212218,N
848.912,212228,)
848.996,212249,(
849.072,212268,t
849.088,212272,t
849.192,212298,)
849.472,212368,(
849.564,212391,N
849.588,212397,N
849.624,212406,)
849.712,212428,(
849.788,212447,t
849.804,212451,t
849.908,212477,)
850.188,212547,(
850.280,212570,N
850.304,212576,N
850.336,212584,)
850.428,212607,(
850.492,212623,t
850.516,212629,t
850.612,212653,)
850.896,212724,(
850.984,212746,N
851.012,212753,N
851.048,212762,)
851.132,212783,(
851.200,212800,t
851.224,212806,t
851.308,212827,)
851.592,212898,(
851.680,212920,N
851.704,212926,N
851.740,212935,)
851.832,212958,(
851.904,212976,t
851.920,212980,t
851.988,212997,)
852.156,213039,(
852.160,213040,p
852.192,213048,)
852.368,213092,(
852.372,213093,N
852.388,213097,N
852.432,213108,)
852.516,213129,(
852.568,213142,t
852.572,213143,t
852.700,213175,)
852.712,213178,(
852.772,213193,t
852.816,213204,p
852.832,213208,)
852.968,213242,(
853.056,213264,N
853.080,213270,N
853.120,213280,)
853.196,213299,(
853.260,213315,t
853.292,213323,t
853.396,213349,)
853.504,213376,(
853.540,213385,p
853.564,213391,)
853.652,213413,(
853.744,213436,N
853.764,213441,N
853.812,213453,)
853.888,213472,(
853.948,213487,t
853.976,213494,t
854.072,213518,)
854.192,213548,(
854.224,213556,p
854.256,213564,)
854.344,213586,(
854.432,213608,N
854.452,213613,N
854.492,213623,)
854.564,213641,(
854.636,213659,t
854.664,213666,t
854.760,213690,)
855.028,213757,(
855.116,213779,N
855.144,213786,N
855.180,213795,)
855.260,213815,(
855.316,213829,t
855.348,213837,t
855.428,213857,)
855.748,213937,(
855.796,213949,N
855.820,213955,N
855.860,213965,)
855.940,213985,(
856.008,214002,t
856.032,214008,t
856.104,214026,)
856.252,214063,(
856.260,214065,p
856.272,214068,p
856.304,214076,)
856.432,214108,(
856.480,214120,N
856.504,214126,N
856.544,214136,)
856.616,214154,(
856.688,214172,t
856.708,214177,t
856.808,214202,)
856.936,214234,(
856.964,214241,p
856.996,214249,)
857.076,214269,(
857.164,214291,N
857.192,214298,N
857.228,214307,)
857.300,214325,(
857.376,214344,t
857.396,214349,t
857.500,214375,)
857.616,214404,(
857.624,214406,p
857.652,214413,p
857.688,214422,)
857.768,214442,(
857.856,214464,N
857.880,214470,N
857.916,214479,)
857.992,214498,(
858.068,214517,t
858.084,214521,t
858.176,214544,)
858.456,214614,(
858.544,214636,N
858.568,214642,N
858.600,214650,)
858.680,214670,(
858.756,214689,t
858.776,214694,t
858.868,214717,)
859.048,214762,(
859.056,214764,p
859.064,214766,)
859.160,214790,(
859.248,214812,N
859.276,214819,N
859.312,214828,)
859.392,214848,(
859.460,214865,t
859.484,214871,t
859.580,214895,)
859.856,214964,(
859.944,214986,N
859.972,214993,N
860.016,215004,)
860.100,215025,(
860.160,215040,t
860.184,215046,t
860.284,215071,)
860.640,215160,(
860.648,215162,N
860.672,215168,N
860.704,215176,)
860.784,215196,(
860.852,215213,t
860.876,215219,t
860.968,215242,)
861.104,215276,(
861.140,215285,p
861.184,215296,)
861.336,215334,(
861.344,215336,N
861.372,215343,N
861.408,215352,)
861.484,215371,(
861.564,215391,t
861.580,215395,t
861.696,215424,)
861.804,215451,(
861.828,215457,p
861.840,215460,p
861.876,215469,)
861.968,215492,(
862.056,215514,N
862.084,215521,N
862.108,215527,)
862.204,215551,(
862.272,215568,t
862.288,215572,t
862.384,215596,)
862.564,215641,(
862.592,215648,p
862.592,215648,)
862.676,215669,(
862.768,215692,N
862.792,215698,N
862.828,215707,)
862.924,215731,(
862.976,215744,t
863.004,215751,t
863.088,215772,)
863.228,215807,(
863.264,215816,p
863.296,215824,)
863.384,215846,(
863.472,215868,N
863.500,215875,N
863.536,215884,)
863.616,215904,(
863.700,215925,t
863.712,215928,t
863.812,215953,)
863.940,215985,(
863.980,215995,p
864.016,216004,)
864.100,216025,(
864.188,216047,N
864.216,216054,N
864.252,216063,)
864.332,216083,(
864.412,216103,t
864.424,216106,t
864.552,216138,)
864.676,216169,(
864.708,216177,p
864.740,216185,)
864.836,216209,(
864.924,216231,N
864.948,216237,N
864.988,216247,)
865.080,216270,(
865.148,216287,t
865.156,216289,t
865.280,216320,)
865.596,216399,(
865.648,216412,N
865.668,216417,N
865.704,216426,)
865.804,216451,(
865.876,216469,t
865.884,216471,t
865.992,216498,)
866.364,216591,(
866.376,216594,N
866.404,216601,N
866.440,216610,)
866.520,216630,(
866.604,216651,t
866.616,216654,t
866.716,216679,)
867.084,216771,(
867.104,216776,N
867.128,216782,N
867.164,216791,)
867.244,216811,(
867.328,216832,t
867.340,216835,t
867.448,216862,)
867.588,216897,(
867.616,216904,p
867.652,216913,)
867.704,216926,(
867.832,216958,N
867.856,216964,N
867.896,216974,)
867.984,216996,(
868.056,217014,t
868.068,217017,t
868.192,217048,)
868.312,217078,(
868.340,217085,p
868.376,217094,)
868.464,217116,(
868.552,217138,N
868.580,217145,N
868.620,217155,)
868.700,217175,(
868.780,217195,t
868.792,217198,t
868.888,217222,)
869.056,217264,(
869.076,217269,p
869.092,217273,p
869.112,217278,)
869.196,217299,(
869.284,217321,N
869.312,217328,N
869.352,217338,)
869.432,217358,(
869.504,217376,t
869.524,217381,t
869.624,217406,)
869.768,217442,(
869.796,217449,p
869.832,217458,)
869.916,217479,(
870.004,217501,N
870.028,217507,N
870.064,217516,)
870.144,217536,(
870.208,217552,t
870.240,217560,t
870.320,217580,)
870.656,217664,(
870.708,217677,N
870.728,217682,N
870.768,217692,)
870.856,217714,(
870.920,217730,t
870.944,217736,t
871.032,217758,)
871.176,217794,(
871.212,217803,p
871.248,217812,)
871.332,217833,(
871.420,217855,N
871.448,217862,N
871.488,217872,)
871.568,217892,(
871.636,217909,t
871.656,217914,t
871.768,217942,)
872.052,218013,(
872.140,218035,N
872.168,218042,N
872.208,218052,)
872.280,218070,(
872.368,218092,t
872.376,218094,t
872.476,218119,)
872.616,218154,(
872.648,218162,p
872.684,218171,)
872.768,218192,(
872.864,218216,N
872.884,218221,N
872.920,218230,)
873.004,218251,(
873.084,218271,t
873.100,218275,t
873.204,218301,)
873.344,218336,(
873.376,218344,p
873.408,218352,)
873.496,218374,(
873.584,218396,N
873.612,218403,N
873.648,218412,)
873.728,218432,(
873.808,218452,t
873.816,218454,t
873.916,218479,)
874.288,218572,(
874.304,218576,N
874.328,218582,N
874.368,218592,)
874.448,218612,(
874.528,218632,t
874.536,218634,t
874.652,218663,)
875.004,218751,(
875.024,218756,N
875.044,218761,N
875.080,218770,)
875.168,218792,(
875.236,218809,t
875.256,218814,t
875.352,218838,)
875.656,218914,(
875.744,218936,N
875.772,218943,N
875.808,218952,)
875.884,218971,(
875.964,218991,t
875.976,218994,t
876.072,219018,)
876.368,219092,(
876.456,219114,N
876.480,219120,N
876.516,219129,)
876.596,219149,(
876.676,219169,t
876.684,219171,t
876.788,219197,)
877.080,219270,(
877.172,219293,N
877.196,219299,N
877.232,219308,)
877.316,219329,(
877.404,219351,t
877.408,219352,t
877.516,219379,)
877.808,219452,(
877.896,219474,N
877.924,219481,N
877.964,219491,)
878.040,219510,(
878.124,219531,t
878.136,219534,t
878.236,219559,)
878.388,219597,(
878.420,219605,p
878.452,219613,)
878.540,219635,(
878.628,219657,N
878.656,219664,N
878.692,219673,)
878.772,219693,(
878.856,219714,t
878.864,219716,t
878.964,219741,)
879.116,219779,(
879.144,219786,p
879.180,219795,)
879.336,219834,(
879.356,219839,N
879.376,219844,N
879.412,219853,)
879.496,219874,(
879.576,219894,t
879.584,219896,t
879.684,219921,)
879.828,219957,(
879.860,219965,p
879.896,219974,)
879.980,219995,(
880.068,220017,N
880.092,220023,N
880.132,220033,)
880.212,220053,(
880.304,220076,t
880.304,220076,t
880.432,220108,)
880.572,220143,(
880.596,220149,p
880.612,220153,p
880.632,220158,)
880.716,220179,(
880.804,220201,N
880.832,220208,N
880.868,220217,)
880.948,220237,(
881.044,220261,t
881.044,220261,t
881.168,220292,)
881.312,220328,(
881.340,220335,p
881.380,220345,)
881.532,220383,(
881.556,220389,N
881.580,220395,N
881.616,220404,)
881.700,220425,(
881.792,220448,t
881.796,220449,t
881.900,220475,)
882.064,220516,(
882.092,220523,p
882.100,220525,)
882.216,220554,(
882.308,220577,N
882.332,220583,N
882.368,220592,)
882.452,220613,(
882.540,220635,t
882.544,220636,t
882.652,220663,)
882.824,220706,(
882.852,220713,p
882.888,220722,)
882.972,220743,(
883.064,220766,N
883.088,220772,N
883.128,220782,)
883.204,220801,(
883.300,220825,t
883.304,220826,t
883.412,220853,)
883.568,220892,(
883.596,220899,p
883.632,220908,)
883.788,220947,(
883.812,220953,N
883.832,220958,N
883.868,220967,)
883.960,220990,(
884.040,221010,t
884.048,221012,t
884.152,221038,)
884.308,221077,(
884.340,221085,p
884.372,221093,)
884.460,221115,(
884.552,221138,N
884.576,221144,N
884.612,221153,)
884.696,221174,(
884.780,221195,t
884.784,221196,t
884.888,221222,)
885.048,221262,(
885.076,221269,p
885.116,221279,)
885.200,221300,(
885.284,221321,N
885.308,221327,N
885.348,221337,)
885.428,221357,(
885.520,221380,t
885.520,221380,t
885.624,221406,)
885.768,221442,(
885.800,221450,p
885.836,221459,)
885.920,221480,(
886.012,221503,N
886.032,221508,N
886.068,221517,)
886.156,221539,(
886.240,221560,t
886.244,221561,t
886.352,221588,)
886.492,221623,(
886.524,221631,p
886.556,221639,)
886.644,221661,(
886.736,221684,N
886.760,221690,N
886.800,221700,)
886.880,221720,(
886.972,221743,t
886.976,221744,t
887.092,221773,)
887.236,221809,(
887.264,221816,p
887.300,221825,)
887.384,221846,(
887.476,221869,N
887.500,221875,N
887.540,221885,)
887.620,221905,(
887.712,221928,t
887.712,221928,t
887.820,221955,)
887.984,221996,(
888.012,222003,p
888.048,222012,)
888.132,222033,(
888.224,222056,N
888.248,222062,N
888.284,222071,)
888.364,222091,(
888.456,222114,t
888.460,222115,t
888.564,222141,)
888.928,222232,(
888.948,222237,N
888.972,222243,N
889.008,222252,)
889.092,222273,(
889.180,222295,t
889.184,222296,t
889.304,222326,)
889.448,222362,(
889.476,222369,p
889.512,222378,)
889.600,222400,(
889.688,222422,N
889.712,222428,N
889.752,222438,)
889.828,222457,(
889.920,222480,t
889.920,222480,t
890.036,222509,)
890.184,222546,(
890.212,222553,p
890.248,222562,)
890.332,222583,(
890.424,222606,N
890.448,222612,N
890.488,222622,)
890.568,222642,(
890.660,222665,t
890.660,222665,t
890.768,222692,)
890.920,222730,(
890.948,222737,p
890.984,222746,)
891.068,222767,(
891.160,222790,N
891.180,222795,N
891.216,222804,)
891.308,222827,(
891.388,222847,t
891.396,222849,t
891.496,222874,)
891.644,222911,(
891.676,222919,p
891.708,222927,)
891.796,222949,(
891.888,222972,N
891.912,222978,N
891.948,222987,)
892.032,223008,(
892.112,223028,t
892.120,223030,t
892.224,223056,)
892.376,223094,(
892.404,223101,p
892.436,223109,)
892.524,223131,(
892.612,223153,N
892.640,223160,N
892.676,223169,)
892.752,223188,(
892.840,223210,t
892.844,223211,t
892.948,223237,)
893.096,223274,(
893.124,223281,p
893.160,223290,)
893.244,223311,(
893.332,223333,N
893.356,223339,N
893.396,223349,)
893.476,223369,(
893.556,223389,t
893.564,223391,t
893.664,223416,)
893.968,223492,(
894.060,223515,N
894.080,223520,N
894.120,223530,)
894.208,223552,(
894.280,223570,t
894.292,223573,t
894.384,223596,)
894.540,223635,(
894.572,223643,p
894.604,223651,)
894.692,223673,(
894.776,223694,N
894.804,223701,N
894.844,223711,)
894.916,223729,(
894.996,223749,t
895.012,223753,t
895.112,223778,)
895.408,223852,(
895.496,223874,N
895.520,223880,N
895.556,223889,)
895.636,223909,(
895.704,223926,t
895.720,223930,t
895.832,223958,)
896.012,224003,(
896.024,224006,p
896.028,224007,)
896.188,224047,(
896.204,224051,N
896.224,224056,N
896.264,224066,)
896.344,224086,(
896.404,224101,t
896.432,224108,t
896.524,224131,)
896.648,224162,(
896.684,224171,p
896.708,224177,)
896.804,224201,(
896.896,224224,N
896.920,224230,N
896.956,224239,)
897.036,224259,(
897.128,224282,t
897.128,224282,t
897.224,224306,)
897.488,224372,(
897.576,224394,N
897.600,224400,N
897.640,224410,)
897.716,224429,(
897.804,224451,t
897.804,224451,t
897.908,224477,)
897.936,224484,(
897.956,224489,t
898.020,224505,p
898.028,224507,)
898.036,224509,(
898.072,224518,p
898.104,224526,)
898.140,224535,(
898.240,224560,N
898.260,224565,N
898.300,224575,)
898.376,224594,(
898.448,224612,t
898.468,224617,t
898.560,224640,)
898.820,224705,(
898.908,224727,N
898.932,224733,N
898.968,224742,)
899.040,224760,(
899.120,224780,t
899.132,224783,t
899.244,224811,)
